*** 48 MPI and 1 OMP ******************************
---------------Topology: 1 x 48 ------------------
[63.833, 78.749, 82.802, 83.048, 83.665, 82.870, 81.917, 81.275, 80.767, 80.521, 80.369]
 
---------------Topology: 2 x 24 ------------------
[66.930, 82.726, 84.208, 84.643, 85.469, 84.124, 83.240, 82.494, 82.072, 81.621, 81.448]
 
---------------Topology: 4 x 12 ------------------
[66.826, 84.507, 84.777, 85.568, 85.045, 84.568, 83.452, 82.625, 81.938, 81.677, 81.478]
 
---------------Topology: 8 x 6 ------------------
[64.761, 84.036, 84.717, 85.811, 84.486, 84.081, 82.823, 82.043, 81.896, 81.430, 81.374]
 
---------------Topology: 12 x 4 ------------------
[66.821, 82.365, 85.475, 84.752, 82.745, 82.801, 81.677, 81.019, 81.010, 81.118, 80.582]
 
---------------Topology: 24 x 2 ------------------
[66.934, 85.111, 80.426, 79.962, 79.885, 80.347, 79.623, 78.771, 78.053, 77.696, 79.551]
 
*** 24 MPI and 2 OMP ******************************
---------------Topology: 1 x 24 ------------------
[28.385, 35.425, 38.248, 38.482, 38.526, 40.063, 39.206, 40.499, 40.649, 40.909, 40.555]
 
---------------Topology: 2 x 12 ------------------
[27.557, 33.874, 35.198, 35.268, 36.008, 35.720, 36.321, 36.701, 36.900, 37.020, 37.213]
 
---------------Topology: 4 x 6 ------------------
[24.586, 31.766, 32.066, 32.149, 33.753, 36.240, 34.696, 36.095, 36.894, 36.729, 36.494]
 
---------------Topology: 8 x 3 ------------------
[28.617, 35.628, 36.037, 36.722, 36.257, 36.265, 36.787, 37.003, 37.163, 37.215, 37.221]
 
---------------Topology: 12 x 2 ------------------
[22.068, 28.579, 28.206, 28.823, 31.104, 32.252, 31.589, 32.356, 32.793, 33.135, 33.357]
 
---------------Topology: 24 x 1 ------------------
[32.375, 57.209, 65.371, 62.946, 61.548, 58.894, 62.554, 62.164, 62.278, 61.882, 61.549]
 
*** 12 MPI and 4 OMP ******************************
---------------Topology: 1 x 12 ------------------
[31.630, 65.255, 67.352, 66.504, 63.271, 62.298, 62.863, 58.261, 58.656, 62.694, 63.298]
 
---------------Topology: 2 x 6 ------------------
[20.857, 56.685, 62.536, 59.140, 56.836, 57.881, 57.393, 56.673, 54.209, 54.157, 57.386]
 
---------------Topology: 3 x 4 ------------------
[26.319, 46.107, 47.438, 47.459, 46.521, 46.810, 43.239, 41.059, 39.979, 43.205, 43.473]
 
---------------Topology: 6 x 2 ------------------
[22.185, 60.995, 63.856, 59.251, 60.538, 62.449, 58.912, 59.159, 59.509, 55.435, 68.523]
 
---------------Topology: 12 x 1 ------------------
[17.890, 43.193, 43.580, 46.664, 41.297, 41.970, 44.881, 42.096, 38.582, 38.049, 38.427]
 
*** 6 MPI and 8 OMP ******************************
---------------Topology: 1 x 6 ------------------
[14.432, 42.830, 57.504, 57.687, 56.255, 54.272, 49.357, 45.778, 44.427, 44.003, 43.906]
 
---------------Topology: 2 x 3 ------------------
[16.762, 44.470, 47.028, 46.033, 45.240, 44.388, 39.788, 42.045, 46.424, 44.127, 42.072]
 
---------------Topology: 3 x 2 ------------------
[7.118, 34.618, 34.588, 36.078, 41.503, 40.549, 39.351, 36.501, 38.828, 41.199, 39.711]
 
---------------Topology: 6 x 1 ------------------
[10.623, 38.951, 55.529, 56.361, 54.976, 52.844, 54.493, 53.010, 48.925, 53.278, 52.045]
 
*** 4 MPI and 12 OMP ******************************
---------------Topology: 1 x 4 ------------------
[11.445, 49.980, 53.885, 54.138, 54.862, 50.990, 46.685, 42.138, 40.543, 46.203, 43.754]
 
---------------Topology: 2 x 2 ------------------
[18.284, 37.530, 38.213, 39.087, 38.821, 36.325, 32.356, 30.882, 29.958, 28.586, 37.407]
 
---------------Topology: 4 x 1 ------------------
[9.780, 27.608, 34.012, 33.485, 32.225, 29.833, 30.050, 36.017, 35.313, 41.576, 45.994]
 
*** 2 MPI and 24 OMP ******************************
---------------Topology: 1 x 2 ------------------
[51.383, 73.285, 77.543, 80.478, 81.216, 80.751, 80.564, 80.039, 79.780, 79.892, 79.617]
 
---------------Topology: 2 x 1 ------------------
[40.922, 62.865, 69.591, 73.794, 76.306, 76.278, 76.622, 77.289, 77.640, 77.772, 77.428]
 
*** 1 MPI and 48 OMP ******************************
---------------Topology: 1 x 1 ------------------
[9.444, 27.634, 32.844, 30.647, 26.551, 23.964, 26.825, 26.936, 26.867, 27.319, 26.992]
 
