*** 96 MPI and 1 OMP ******************************
---------------Topology: 1 x 96 ------------------
[, , , , , , , , , , ]
 
---------------Topology: 2 x 48 ------------------
[74.940, 157.548, 162.975, 166.139, 168.282, 169.684, 168.919, 167.774, 166.032, 164.618, 163.687]
 
---------------Topology: 4 x 24 ------------------
[74.709, 161.802, 166.649, 168.561, 169.670, 170.046, 170.545, 168.764, 168.695, 166.425, 165.609]
 
---------------Topology: 8 x 12 ------------------
[78.142, 161.493, 168.136, 171.524, 170.416, 170.907, 170.393, 170.409, 168.380, 166.586, 165.723]
 
---------------Topology: 12 x 8 ------------------
[89.941, 160.241, 169.835, 170.804, 169.668, 171.244, 169.551, 168.157, 166.635, 165.389, 164.348]
 
---------------Topology: 24 x 4 ------------------
[81.156, 160.421, 161.646, 166.043, 165.483, 166.213, 164.810, 162.224, 162.757, 160.091, 160.533]
 
*** 48 MPI and 2 OMP ******************************
---------------Topology: 1 x 48 ------------------
[36.716, 106.690, 117.704, 121.477, 123.975, 126.630, 128.233, 129.044, 117.127, 122.514, 110.778]
 
---------------Topology: 2 x 24 ------------------
[31.775, 67.163, 67.317, 70.503, 72.546, 72.737, 73.881, 75.967, 77.490, 77.749, 77.556]
 
---------------Topology: 4 x 12 ------------------
[27.013, 95.324, 95.984, 97.973, 98.715, 97.934, 96.722, 98.425, 107.699, 101.820, 109.804]
 
---------------Topology: 8 x 6 ------------------
[36.493, 66.515, 67.646, 67.368, 66.665, 68.513, 71.068, 71.337, 73.746, 72.846, 73.685]
 
---------------Topology: 12 x 4 ------------------
[35.258, 116.676, 119.696, 116.248, 115.341, 115.254, 114.111, 113.685, 116.254, 119.161, 119.499]
 
---------------Topology: 24 x 2 ------------------
[30.296, 91.331, 100.460, 100.697, 102.656, 99.266, 99.913, 100.691, 93.813, 97.685, 95.812]
 
*** 24 MPI and 4 OMP ******************************
---------------Topology: 1 x 24 ------------------
[9.370, 83.642, 86.497, 86.353, 85.478, 82.468, 82.639, 82.577, 79.681, 80.163, 79.539]
 
---------------Topology: 2 x 12 ------------------
[20.194, 67.910, 72.471, 73.143, 71.851, 70.291, 69.402, 64.936, 63.707, 63.499, 65.431]
 
---------------Topology: 4 x 6 ------------------
[32.673, 75.598, 78.808, 78.028, 76.378, 77.229, 76.538, 72.597, 66.065, 71.811, 70.204]
 
---------------Topology: 8 x 3 ------------------
[18.241, 75.668, 76.512, 76.053, 74.107, 74.122, 69.972, 67.054, 71.034, 70.962, 66.966]
 
---------------Topology: 12 x 2 ------------------
[24.412, 74.524, 79.052, 76.440, 76.551, 74.354, 74.146, 73.359, 68.435, 65.845, 65.733]
 
---------------Topology: 24 x 1 ------------------
[19.814, 52.500, 67.334, 72.642, 72.437, 73.764, 70.575, 67.711, 67.698, 66.393, 64.028]
 
*** 12 MPI and 8 OMP ******************************
---------------Topology: 1 x 12 ------------------
[14.958, 66.039, 78.961, 79.395, 74.987, 69.845, 69.597, 70.124, 75.757, 96.447, 92.973]
 
---------------Topology: 2 x 6 ------------------
[19.220, 68.337, 76.572, 78.023, 75.659, 76.031, 72.779, 71.806, 81.886, 79.566, 78.135]
 
---------------Topology: 3 x 4 ------------------
[27.718, 73.406, 79.087, 79.740, 82.796, 94.144, 81.403, 85.313, 85.612, 78.910, 74.723]
 
---------------Topology: 6 x 2 ------------------
[16.741, 46.642, 70.939, 69.284, 66.198, 65.037, 63.392, 60.127, 58.308, 56.877, 56.545]
 
---------------Topology: 12 x 1 ------------------
[3.690, 52.174, 62.846, 63.273, 64.575, 67.231, 68.302, 65.028, 66.773, 79.067, 75.673]
 
*** 8 MPI and 12 OMP ******************************
---------------Topology: 1 x 8 ------------------
[8.454, 41.639, 62.656, 72.194, 73.864, 69.546, 68.133, 60.319, 59.493, 57.926, 57.122]
 
---------------Topology: 2 x 4 ------------------
[10.068, 36.378, 70.514, 72.053, 63.846, 61.938, 58.838, 58.270, 57.006, 70.877, 71.243]
 
---------------Topology: 4 x 2 ------------------
[18.619, 38.795, 70.928, 68.859, 67.102, 65.193, 60.060, 47.884, 50.795, 53.117, 54.404]
 
---------------Topology: 8 x 1 ------------------
[10.135, 37.337, 62.671, 74.731, 71.245, 83.491, 76.006, 74.864, 76.693, 75.901, 79.058]
 
*** 4 MPI and 24 OMP ******************************
---------------Topology: 1 x 4 ------------------
[24.967, 74.986, 136.862, 148.608, 153.577, 156.331, 159.084, 159.484, 157.941, 157.860, 158.404]
 
---------------Topology: 2 x 2 ------------------
[39.525, 112.086, 128.288, 138.461, 145.671, 150.971, 153.111, 154.344, 156.807, 155.781, 157.263]
 
---------------Topology: 4 x 1 ------------------
[29.560, 70.868, 105.927, 124.122, 130.848, 138.968, 142.910, 143.030, 145.561, 144.886, 141.968]
 
*** 2 MPI and 48 OMP ******************************
---------------Topology: 1 x 2 ------------------
[11.003, 28.391, 68.905, 68.428, 65.877, 60.355, 56.260, 53.716, 49.917, 53.219, 53.667]
 
---------------Topology: 2 x 1 ------------------
[10.595, 32.764, 61.123, 62.199, 59.009, 57.048, 54.232, 49.956, 49.030, 51.729, 52.779]
 
