*** 192 MPI and 1 OMP ******************************
---------------Topology: 1 x 192 ------------------
[, , , , , , , , , , ]
 
---------------Topology: 2 x 96 ------------------
[, , , , , , , , , , ]
 
---------------Topology: 4 x 48 ------------------
[110.442, 303.267, 311.612, 321.978, 329.702, 336.063, 332.644, 335.083, 337.898, 336.282, 338.323]
 
---------------Topology: 8 x 24 ------------------
[104.408, 299.314, 311.329, 316.033, 327.797, 326.971, 331.764, 332.401, 338.118, 336.353, 338.316]
 
---------------Topology: 12 x 16 ------------------
[110.760, 275.638, 303.935, 323.539, 322.786, 318.862, 326.838, 332.877, 334.807, 335.198, 335.245]
 
---------------Topology: 24 x 8 ------------------
[119.052, 268.685, 287.945, 308.739, 316.011, 316.973, 317.050, 319.544, 329.637, 329.738, 328.605]
 
*** 96 MPI and 2 OMP ******************************
---------------Topology: 1 x 96 ------------------
[, , , , , , , , , , ]
 
---------------Topology: 2 x 48 ------------------
[38.165, 168.482, 176.174, 183.024, 191.710, 193.466, 193.163, 191.086, 190.773, 187.469, 188.979]
 
---------------Topology: 4 x 24 ------------------
[48.468, 181.169, 186.703, 191.366, 191.472, 191.983, 182.488, 192.286, 203.476, 198.391, 195.189]
 
---------------Topology: 8 x 12 ------------------
[55.061, 158.180, 176.365, 186.060, 187.424, 186.754, 192.544, 193.554, 197.563, 200.581, 199.484]
 
---------------Topology: 12 x 8 ------------------
[61.523, 169.046, 179.800, 184.392, 185.286, 183.575, 190.827, 194.369, 192.686, 198.040, 198.893]
 
---------------Topology: 24 x 4 ------------------
[63.845, 142.938, 152.937, 162.081, 159.954, 165.516, 166.293, 169.016, 173.599, 176.228, 182.087]
 
*** 48 MPI and 4 OMP ******************************
---------------Topology: 1 x 48 ------------------
[3.867, 92.478, 167.609, 169.607, 169.396, 170.933, 169.390, 161.846, 162.997, 159.265, 159.103]
 
---------------Topology: 2 x 24 ------------------
[28.009, 148.384, 132.815, 145.968, 156.453, 152.995, 149.783, 148.927, 146.843, 143.731, 139.819]
 
---------------Topology: 4 x 12 ------------------
[6.539, 87.517, 96.340, 77.641, 100.119, 102.940, 107.360, 111.021, 114.002, 116.170, 117.330]
 
---------------Topology: 8 x 6 ------------------
[33.749, 91.157, 99.187, 102.396, 101.351, 100.697, 101.377, 106.533, 106.651, 109.040, 109.706]
 
---------------Topology: 12 x 4 ------------------
[33.791, 144.292, 156.734, 159.597, 158.199, 154.577, 155.364, 148.769, 148.112, 142.308, 137.292]
 
---------------Topology: 24 x 2 ------------------
[32.644, 124.242, 135.703, 137.317, 140.960, 146.501, 144.165, 141.191, 138.199, 137.062, 135.288]
 
*** 24 MPI and 8 OMP ******************************
---------------Topology: 1 x 24 ------------------
[37.387, 113.446, 114.284, 119.646, 120.156, 113.801, 109.333, 107.124, 105.287, 113.605, 113.469]
 
---------------Topology: 2 x 12 ------------------
[18.352, 75.858, 103.110, 94.973, 105.581, 106.832, 107.492, 107.971, 106.486, 105.025, 109.089]
 
---------------Topology: 4 x 6 ------------------
[9.281, 40.412, 82.718, 83.696, 87.790, 90.512, 92.400, 95.093, 99.488, 104.496, 105.777]
 
---------------Topology: 8 x 3 ------------------
[9.528, 86.818, 121.376, 126.314, 125.967, 128.183, 127.821, 126.432, 122.744, 123.661, 117.745]
 
---------------Topology: 12 x 2 ------------------
[15.861, 88.989, 133.069, 133.649, 136.757, 140.113, 139.187, 136.017, 138.452, 131.956, 122.308]
 
---------------Topology: 24 x 1 ------------------
[22.221, 73.565, 85.970, 95.695, 106.047, 112.894, 116.625, 114.877, 126.735, 119.499, 117.333]
 
*** 16 MPI and 12 OMP ******************************
---------------Topology: 1 x 16 ------------------
[31.684, 78.169, 108.454, 145.359, 144.095, 140.285, 139.269, 135.408, 133.868, 124.427, 114.612]
 
---------------Topology: 2 x 8 ------------------
[6.157, 100.192, 144.695, 155.943, 151.683, 146.905, 148.615, 141.967, 133.503, 121.444, 115.130]
 
---------------Topology: 4 x 4 ------------------
[4.358, 114.199, 138.560, 147.531, 150.433, 145.060, 145.899, 141.947, 136.655, 132.438, 127.008]
 
---------------Topology: 8 x 2 ------------------
[3.747, 97.042, 101.310, 128.279, 125.684, 128.355, 126.158, 123.327, 118.718, 116.865, 110.508]
 
---------------Topology: 12 x 1 ------------------
[to, , , , , , , , , , ]
 
---------------Topology: 24 x 0 ------------------
[to, to, , , , , , , , , ]
 
*** 8 MPI and 24 OMP ******************************
---------------Topology: 1 x 8 ------------------
[37.523, 181.335, 246.106, 273.015, 274.932, 291.129, 300.944, 305.377, 302.017, 308.118, 311.093]
 
---------------Topology: 2 x 4 ------------------
[39.923, 118.106, 220.064, 248.605, 268.112, 282.625, 292.483, 299.800, 306.672, 306.333, 308.750]
 
---------------Topology: 4 x 2 ------------------
[31.574, 107.083, 188.323, 241.293, 256.968, 262.657, 282.952, 290.351, 291.750, 296.057, 296.074]
 
---------------Topology: 8 x 1 ------------------
[20.296, 48.130, 142.065, 185.028, 197.909, 229.199, 230.557, 253.817, 248.310, 263.966, 260.543]
 
*** 4 MPI and 48 OMP ******************************
---------------Topology: 1 x 4 ------------------
[6.950, 30.850, 76.394, 82.407, 88.412, 90.809, 91.563, 91.192, 87.455, 93.815, 95.526]
 
---------------Topology: 2 x 2 ------------------
[13.920, 28.700, 87.141, 91.847, 95.113, 97.665, 96.588, 98.245, 99.610, 96.576, 97.740]
 
---------------Topology: 4 x 1 ------------------
[8.148, 54.217, 87.177, 111.942, 107.727, 112.372, 110.308, 101.338, 98.387, 95.457, 94.844]
 
