*** 144 MPI and 1 OMP ******************************
---------------Topology: 1 x 144 ------------------
[, , , , , , , , , , ]
 
---------------Topology: 2 x 72 ------------------
[97.417, 227.881, 237.534, 242.674, 248.806, 249.387, 251.261, 250.954, 251.316, 249.323, 248.463]
 
---------------Topology: 4 x 36 ------------------
[94.869, 238.350, 245.416, 251.615, 252.549, 255.052, 255.722, 255.140, 255.089, 254.036, 251.413]
 
---------------Topology: 8 x 18 ------------------
[94.612, 236.051, 246.419, 255.365, 254.370, 255.953, 256.133, 257.077, 255.519, 254.585, 252.222]
 
---------------Topology: 12 x 12 ------------------
[97.306, 231.720, 249.893, 256.580, 254.671, 259.054, 257.122, 254.168, 254.942, 254.333, 252.142]
 
---------------Topology: 24 x 6 ------------------
[102.869, 233.798, 243.688, 247.763, 250.390, 254.783, 252.335, 251.209, 249.624, 248.227, 246.392]
 
*** 72 MPI and 2 OMP ******************************
---------------Topology: 1 x 72 ------------------
[57.489, 115.799, 129.564, 134.197, 138.092, 138.172, 139.804, 132.524, 131.870, 131.083, 131.412]
 
---------------Topology: 2 x 36 ------------------
[39.826, 117.699, 128.486, 133.062, 140.389, 142.188, 138.893, 137.266, 145.779, 139.555, 145.779]
 
---------------Topology: 4 x 18 ------------------
[42.498, 99.054, 103.191, 101.769, 103.825, 104.902, 105.711, 105.502, 104.769, 105.125, 101.534]
 
---------------Topology: 8 x 9 ------------------
[44.063, 127.879, 131.252, 131.883, 129.506, 128.198, 130.746, 133.668, 135.269, 134.739, 136.223]
 
---------------Topology: 12 x 6 ------------------
[41.334, 91.206, 99.929, 99.730, 100.468, 100.089, 101.501, 101.794, 107.334, 104.902, 109.185]
 
---------------Topology: 24 x 3 ------------------
[48.623, 97.514, 109.152, 113.172, 115.298, 118.608, 124.567, 126.789, 127.841, 129.436, 130.774]
 
*** 36 MPI and 4 OMP ******************************
---------------Topology: 1 x 36 ------------------
[6.636, 115.637, 123.365, 117.469, 116.984, 118.175, 111.497, 110.483, 105.019, 104.010, 100.914]
 
---------------Topology: 2 x 18 ------------------
[23.009, 64.998, 69.042, 69.334, 70.010, 73.370, 77.476, 78.908, 80.954, 81.724, 82.183]
 
---------------Topology: 4 x 9 ------------------
[3.071, 72.527, 93.664, 94.179, 94.196, 99.309, 101.634, 103.974, 105.751, 106.142, 107.139]
 
---------------Topology: 8 x 4 ------------------
[to, , , , , , , , , , ]
 
---------------Topology: 12 x 3 ------------------
[30.861, 112.513, 114.585, 114.665, 111.750, 108.878, 109.289, 110.657, 115.886, 106.886, 109.108]
 
---------------Topology: 24 x 1 ------------------
[to, , , , , , , , , , ]
 
*** 18 MPI and 8 OMP ******************************
---------------Topology: 1 x 18 ------------------
[17.338, 50.889, 92.380, 97.386, 99.631, 101.451, 101.309, 114.090, 115.405, 114.822, 104.777]
 
---------------Topology: 2 x 9 ------------------
[10.815, 55.054, 118.983, 109.147, 106.171, 106.137, 105.291, 96.775, 95.256, 91.949, 110.193]
 
---------------Topology: 4 x 4 ------------------
[to, to, , , , , , , , , ]
 
---------------Topology: 8 x 2 ------------------
[to, to, , , , , , , , , ]
 
---------------Topology: 12 x 1 ------------------
[to, , , , , , , , , , ]
 
---------------Topology: 24 x 0 ------------------
[to, to, , , , , , , , , ]
 
*** 12 MPI and 12 OMP ******************************
---------------Topology: 1 x 12 ------------------
[11.971, 26.160, 90.230, 94.707, 95.773, 92.820, 86.438, 83.612, 82.510, 77.951, 77.991]
 
---------------Topology: 2 x 6 ------------------
[12.194, 43.239, 62.385, 62.965, 64.401, 67.908, 70.483, 72.863, 74.004, 77.392, 81.626]
 
---------------Topology: 3 x 4 ------------------
[18.023, 57.503, 92.091, 101.215, 96.872, 89.580, 89.556, 98.422, 99.423, 91.714, 89.434]
 
---------------Topology: 6 x 2 ------------------
[13.181, 38.231, 78.634, 95.169, 105.830, 104.922, 94.318, 91.607, 95.360, 112.553, 106.011]
 
---------------Topology: 12 x 1 ------------------
[7.304, 40.661, 78.371, 90.684, 91.219, 94.864, 95.388, 93.434, 90.239, 84.276, 85.191]
 
*** 6 MPI and 24 OMP ******************************
---------------Topology: 1 x 6 ------------------
[78.499, 180.721, 194.490, 206.300, 219.059, 225.800, 231.628, 234.604, 233.849, 234.885, 234.663]
 
---------------Topology: 2 x 3 ------------------
[36.225, 93.363, 150.886, 201.613, 209.530, 219.572, 224.226, 227.352, 228.495, 234.540, 236.146]
 
---------------Topology: 3 x 2 ------------------
[43.791, 113.813, 155.769, 191.227, 198.397, 214.329, 221.031, 221.785, 229.027, 231.281, 227.927]
 
---------------Topology: 6 x 1 ------------------
[30.760, 103.889, 135.284, 153.125, 175.437, 182.295, 190.490, 203.126, 206.345, 205.644, 212.378]
 
*** 3 MPI and 48 OMP ******************************
---------------Topology: 1 x 3 ------------------
[7.687, 27.714, 62.625, 67.610, 68.689, 70.060, 71.750, 73.267, 72.409, 73.352, 71.378]
 
---------------Topology: 2 x 1 ------------------
[to, , , , , , , , , , ]
 
---------------Topology: 3 x 1 ------------------
[15.340, 28.598, 55.616, 56.345, 58.643, 63.436, 65.650, 66.411, 69.131, 73.743, 75.230]
 
