*** 48 MPI and 1 OMP ******************************
---------------Topology: 1 x 48 ------------------
[0.004392, 0.014223, 0.030434, 0.053946, 0.083668, 0.121638, 0.167486, 0.220485, 0.280809, 0.347737, 0.421553]
 
---------------Topology: 2 x 24 ------------------
[0.004210, 0.013539, 0.029930, 0.052928, 0.081901, 0.119825, 0.164825, 0.217228, 0.276341, 0.343051, 0.415972]
 
---------------Topology: 4 x 12 ------------------
[0.004231, 0.013253, 0.029725, 0.052356, 0.082310, 0.119194, 0.164406, 0.216884, 0.276793, 0.342813, 0.415820]
 
---------------Topology: 8 x 6 ------------------
[0.004382, 0.013328, 0.029746, 0.052208, 0.082855, 0.119885, 0.165655, 0.218422, 0.276936, 0.343855, 0.416349]
 
---------------Topology: 12 x 4 ------------------
[0.004233, 0.013598, 0.029482, 0.052860, 0.084601, 0.121738, 0.167979, 0.221191, 0.279968, 0.345179, 0.420442]
 
---------------Topology: 24 x 2 ------------------
[0.004200, 0.013163, 0.031333, 0.056027, 0.087630, 0.125456, 0.172361, 0.227520, 0.290578, 0.360387, 0.425891]
 
*** 24 MPI and 2 OMP ******************************
---------------Topology: 1 x 24 ------------------
[0.010036, 0.031617, 0.065886, 0.116418, 0.181719, 0.251606, 0.349948, 0.442484, 0.557943, 0.684451, 0.835409]
 
---------------Topology: 2 x 12 ------------------
[0.010364, 0.033064, 0.071598, 0.127027, 0.194417, 0.282239, 0.377747, 0.488266, 0.614643, 0.756393, 0.910486]
 
---------------Topology: 4 x 6 ------------------
[0.011511, 0.035258, 0.078588, 0.139363, 0.207386, 0.278178, 0.395430, 0.496467, 0.614789, 0.762339, 0.928383]
 
---------------Topology: 8 x 3 ------------------
[0.009974, 0.031437, 0.069934, 0.122002, 0.193068, 0.277954, 0.372965, 0.484288, 0.610292, 0.752390, 0.910238]
 
---------------Topology: 12 x 2 ------------------
[0.012735, 0.039189, 0.089344, 0.155435, 0.225099, 0.312543, 0.434335, 0.553833, 0.691607, 0.845039, 1.015694]
 
---------------Topology: 24 x 1 ------------------
[0.009108, 0.019647, 0.038550, 0.071172, 0.113868, 0.171170, 0.219334, 0.288286, 0.364186, 0.452492, 0.550460]
 
*** 12 MPI and 4 OMP ******************************
---------------Topology: 1 x 12 ------------------
[0.009107, 0.017194, 0.037415, 0.067365, 0.110670, 0.161803, 0.218252, 0.307653, 0.387689, 0.446652, 0.535275]
 
---------------Topology: 2 x 6 ------------------
[0.015699, 0.019759, 0.040297, 0.075754, 0.123161, 0.174152, 0.239054, 0.316234, 0.418394, 0.517014, 0.590599]
 
---------------Topology: 3 x 4 ------------------
[0.012374, 0.024292, 0.053126, 0.094396, 0.150470, 0.215339, 0.317313, 0.436557, 0.567362, 0.648075, 0.779343]
 
---------------Topology: 6 x 2 ------------------
[0.013598, 0.018467, 0.039464, 0.075624, 0.115653, 0.161429, 0.232891, 0.302961, 0.381208, 0.505109, 0.494496]
 
---------------Topology: 12 x 1 ------------------
[0.019801, 0.025931, 0.057875, 0.096014, 0.169562, 0.240172, 0.305696, 0.426346, 0.587879, 0.735890, 0.881669]
 
*** 6 MPI and 8 OMP ******************************
---------------Topology: 1 x 6 ------------------
[0.024321, 0.026157, 0.043825, 0.077667, 0.124473, 0.185895, 0.278229, 0.391680, 0.510505, 0.636319, 0.771663]
 
---------------Topology: 2 x 3 ------------------
[0.091279, 0.025187, 0.053586, 0.097323, 0.154734, 0.227088, 0.345207, 0.433311, 0.488576, 0.635123, 0.805401]
 
---------------Topology: 3 x 2 ------------------
[0.049135, 0.032355, 0.072939, 0.124289, 0.168893, 0.248592, 0.349104, 0.491794, 0.590106, 0.679639, 0.853235]
 
---------------Topology: 6 x 1 ------------------
[0.027375, 0.033557, 0.045397, 0.079488, 0.127385, 0.190787, 0.251784, 0.338127, 0.463616, 0.525611, 0.651198]
 
*** 4 MPI and 12 OMP ******************************
---------------Topology: 1 x 4 ------------------
[0.028761, 0.022673, 0.046767, 0.082758, 0.127594, 0.197723, 0.294159, 0.425448, 0.559521, 0.623343, 0.788067]
 
---------------Topology: 2 x 2 ------------------
[0.074210, 0.029851, 0.065978, 0.114619, 0.180410, 0.277888, 0.424160, 0.580396, 0.757116, 0.979634, 0.905723]
 
---------------Topology: 4 x 1 ------------------
[0.035034, 0.042269, 0.074091, 0.133833, 0.217277, 0.337898, 0.456734, 0.497540, 0.642344, 0.687572, 0.736618]
 
*** 2 MPI and 24 OMP ******************************
---------------Topology: 1 x 2 ------------------
[0.005504, 0.015288, 0.032498, 0.055668, 0.086191, 0.124829, 0.170299, 0.223892, 0.284283, 0.350473, 0.425542]
 
---------------Topology: 2 x 1 ------------------
[0.006854, 0.017819, 0.036213, 0.060712, 0.091739, 0.132158, 0.179062, 0.231859, 0.292117, 0.360026, 0.437572]
 
*** 1 MPI and 48 OMP ******************************
---------------Topology: 1 x 1 ------------------
[0.033239, 0.040830, 0.076728, 0.146183, 0.263678, 0.420633, 0.511459, 0.665273, 0.844164, 1.024917, 1.255175]
 
