*** 144 MPI and 1 OMP ******************************
---------------Topology: 1 x 144 ------------------
[, , , , , , , , , , ]
 
---------------Topology: 2 x 72 ------------------
[0.009460, 0.004915, 0.010609, 0.018461, 0.028135, 0.040419, 0.054605, 0.071408, 0.090245, 0.112304, 0.136358]
 
---------------Topology: 4 x 36 ------------------
[0.010023, 0.004699, 0.010268, 0.017805, 0.027717, 0.039521, 0.053652, 0.070236, 0.088910, 0.110221, 0.134759]
 
---------------Topology: 8 x 18 ------------------
[0.006270, 0.004745, 0.010226, 0.017544, 0.027519, 0.039382, 0.053566, 0.069707, 0.088761, 0.109983, 0.134326]
 
---------------Topology: 12 x 12 ------------------
[0.005685, 0.004833, 0.010085, 0.017460, 0.027486, 0.038911, 0.053360, 0.070505, 0.088961, 0.110092, 0.134369]
 
---------------Topology: 24 x 6 ------------------
[0.004182, 0.004791, 0.010342, 0.018082, 0.027956, 0.039564, 0.054372, 0.071335, 0.090858, 0.112800, 0.137506]
 
*** 72 MPI and 2 OMP ******************************
---------------Topology: 1 x 72 ------------------
[0.004877, 0.009672, 0.019450, 0.033384, 0.050691, 0.072954, 0.098137, 0.135224, 0.172001, 0.213605, 0.257816]
 
---------------Topology: 2 x 36 ------------------
[0.009315, 0.009516, 0.019613, 0.033671, 0.049862, 0.070893, 0.098782, 0.130551, 0.155581, 0.200638, 0.232407]
 
---------------Topology: 4 x 18 ------------------
[0.008684, 0.011307, 0.024421, 0.044025, 0.067422, 0.096092, 0.129791, 0.169857, 0.216651, 0.266359, 0.333693]
 
---------------Topology: 8 x 9 ------------------
[0.007361, 0.008758, 0.019200, 0.033970, 0.054052, 0.078630, 0.104936, 0.134081, 0.167671, 0.207809, 0.248813]
 
---------------Topology: 12 x 6 ------------------
[0.007205, 0.012280, 0.025218, 0.044925, 0.069674, 0.100715, 0.135172, 0.176044, 0.211306, 0.266923, 0.310314]
 
---------------Topology: 24 x 3 ------------------
[0.005934, 0.011486, 0.023089, 0.039586, 0.060714, 0.084990, 0.110152, 0.141338, 0.177410, 0.216374, 0.259090]
 
*** 36 MPI and 4 OMP ******************************
---------------Topology: 1 x 36 ------------------
[0.149084, 0.009687, 0.020428, 0.038144, 0.059838, 0.085297, 0.123058, 0.162220, 0.216000, 0.269696, 0.335873]
 
---------------Topology: 2 x 18 ------------------
[0.013240, 0.017231, 0.036500, 0.064620, 0.099986, 0.137388, 0.177088, 0.227101, 0.280161, 0.342619, 0.412307]
 
---------------Topology: 4 x 9 ------------------
[0.096343, 0.016307, 0.026905, 0.047570, 0.074317, 0.101511, 0.134998, 0.172353, 0.214472, 0.263810, 0.316233]
 
---------------Topology: 8 x 4 ------------------
[from, processes, , , , , , , , , ]
 
---------------Topology: 12 x 3 ------------------
[0.059211, 0.009974, 0.021994, 0.039072, 0.062640, 0.092582, 0.125548, 0.161970, 0.195709, 0.262004, 0.310519]
 
---------------Topology: 24 x 1 ------------------
[from, processes, , , , , , , , , ]
 
*** 18 MPI and 8 OMP ******************************
---------------Topology: 1 x 18 ------------------
[0.016347, 0.022009, 0.027462, 0.046003, 0.070263, 0.099362, 0.135437, 0.157185, 0.196541, 0.243870, 0.323823]
 
---------------Topology: 2 x 9 ------------------
[0.026109, 0.040202, 0.021180, 0.041050, 0.065947, 0.094975, 0.130347, 0.185205, 0.238114, 0.304590, 0.307459]
 
---------------Topology: 4 x 4 ------------------
[processes, processes, , , , , , , , , ]
 
---------------Topology: 8 x 2 ------------------
[processes, processes, , , , , , , , , ]
 
---------------Topology: 12 x 1 ------------------
[from, processes, , , , , , , , , ]
 
---------------Topology: 24 x 0 ------------------
[processes, processes, , , , , , , , , ]
 
*** 12 MPI and 12 OMP ******************************
---------------Topology: 1 x 12 ------------------
[0.026239, 0.055549, 0.027944, 0.047304, 0.073117, 0.108601, 0.158726, 0.214332, 0.275067, 0.359247, 0.434430]
 
---------------Topology: 2 x 6 ------------------
[0.026485, 0.027747, 0.040395, 0.071156, 0.108734, 0.148437, 0.194657, 0.245944, 0.306471, 0.361832, 0.415090]
 
---------------Topology: 3 x 4 ------------------
[0.016009, 0.019994, 0.027436, 0.044270, 0.072347, 0.112543, 0.153221, 0.182083, 0.228140, 0.305302, 0.378921]
 
---------------Topology: 6 x 2 ------------------
[0.021460, 0.030927, 0.032383, 0.047350, 0.066192, 0.096080, 0.145620, 0.195785, 0.238564, 0.248793, 0.321595]
 
---------------Topology: 12 x 1 ------------------
[0.040439, 0.027547, 0.032376, 0.049404, 0.076743, 0.106258, 0.143864, 0.191894, 0.251334, 0.332261, 0.397706]
 
*** 6 MPI and 24 OMP ******************************
---------------Topology: 1 x 6 ------------------
[0.003760, 0.006204, 0.012958, 0.021737, 0.031960, 0.044641, 0.059233, 0.076386, 0.096991, 0.119207, 0.144378]
 
---------------Topology: 2 x 3 ------------------
[0.007770, 0.012349, 0.017645, 0.022242, 0.033408, 0.045915, 0.061188, 0.078824, 0.099259, 0.119385, 0.143471]
 
---------------Topology: 3 x 2 ------------------
[0.006436, 0.009841, 0.016178, 0.023443, 0.035289, 0.047032, 0.062073, 0.080802, 0.099030, 0.121065, 0.148655]
 
---------------Topology: 6 x 1 ------------------
[0.009132, 0.010815, 0.018628, 0.029261, 0.039910, 0.055303, 0.072025, 0.088221, 0.109916, 0.136157, 0.159528]
 
*** 3 MPI and 48 OMP ******************************
---------------Topology: 1 x 3 ------------------
[0.042107, 0.041959, 0.040240, 0.066285, 0.101912, 0.143891, 0.191263, 0.244589, 0.313552, 0.381787, 0.475144]
 
---------------Topology: 2 x 1 ------------------
[from, processes, , , , , , , , , ]
 
---------------Topology: 3 x 1 ------------------
[0.018616, 0.039176, 0.045624, 0.079562, 0.119385, 0.158908, 0.208994, 0.269920, 0.328086, 0.379698, 0.450419]
 
