*** 192 MPI and 1 OMP ******************************
---------------Topology: 1 x 192 ------------------
[, , , , , , , , , , ]
 
---------------Topology: 2 x 96 ------------------
[, , , , , , , , , , ]
 
---------------Topology: 4 x 48 ------------------
[0.011072, 0.003694, 0.008087, 0.013914, 0.021232, 0.029994, 0.041246, 0.053482, 0.067123, 0.083264, 0.100141]
 
---------------Topology: 8 x 24 ------------------
[0.008154, 0.003742, 0.008095, 0.014187, 0.021356, 0.030836, 0.041357, 0.053913, 0.067077, 0.083246, 0.100143]
 
---------------Topology: 12 x 16 ------------------
[0.004295, 0.004065, 0.008294, 0.013859, 0.021691, 0.031624, 0.041979, 0.053834, 0.067756, 0.083539, 0.101061]
 
---------------Topology: 24 x 8 ------------------
[0.003316, 0.004169, 0.008754, 0.014511, 0.022155, 0.031816, 0.043280, 0.056083, 0.068805, 0.084916, 0.103103]
 
*** 96 MPI and 2 OMP ******************************
---------------Topology: 1 x 96 ------------------
[, , , , , , , , , , ]
 
---------------Topology: 2 x 48 ------------------
[0.029016, 0.006648, 0.014304, 0.024478, 0.036513, 0.052102, 0.071028, 0.093781, 0.118885, 0.149383, 0.179281]
 
---------------Topology: 4 x 24 ------------------
[0.008936, 0.006182, 0.013498, 0.023411, 0.036559, 0.052508, 0.075297, 0.093217, 0.111470, 0.141168, 0.173636]
 
---------------Topology: 8 x 12 ------------------
[0.006539, 0.007081, 0.014289, 0.024078, 0.037349, 0.053977, 0.071258, 0.092604, 0.114802, 0.139596, 0.169934]
 
---------------Topology: 12 x 8 ------------------
[0.004962, 0.006629, 0.014016, 0.024297, 0.037779, 0.054910, 0.071945, 0.092215, 0.117704, 0.141393, 0.170343]
 
---------------Topology: 24 x 4 ------------------
[0.004589, 0.007836, 0.016479, 0.027642, 0.043764, 0.060902, 0.082509, 0.106034, 0.130646, 0.158885, 0.186125]
 
*** 48 MPI and 4 OMP ******************************
---------------Topology: 1 x 48 ------------------
[0.086267, 0.029387, 0.015035, 0.026414, 0.041324, 0.058970, 0.081010, 0.110723, 0.139145, 0.175918, 0.213117]
 
---------------Topology: 2 x 24 ------------------
[0.042718, 0.007548, 0.020060, 0.030913, 0.044742, 0.065927, 0.091599, 0.120336, 0.154452, 0.194808, 0.242338]
 
---------------Topology: 4 x 12 ------------------
[0.094503, 0.012797, 0.026158, 0.062930, 0.069917, 0.097921, 0.127795, 0.161422, 0.198947, 0.241035, 0.288762]
 
---------------Topology: 8 x 6 ------------------
[0.098958, 0.012287, 0.025408, 0.043753, 0.069073, 0.100124, 0.135337, 0.168211, 0.212656, 0.256795, 0.308834]
 
---------------Topology: 12 x 4 ------------------
[0.069393, 0.007762, 0.016078, 0.028071, 0.044248, 0.065211, 0.088309, 0.120457, 0.153156, 0.196757, 0.246906]
 
---------------Topology: 24 x 2 ------------------
[0.102808, 0.009017, 0.018571, 0.032625, 0.049663, 0.068805, 0.095169, 0.126962, 0.164137, 0.204303, 0.250575]
 
*** 24 MPI and 8 OMP ******************************
---------------Topology: 1 x 24 ------------------
[0.058494, 0.009873, 0.022052, 0.037444, 0.058259, 0.088774, 0.125496, 0.167284, 0.215423, 0.246855, 0.298583]
 
---------------Topology: 2 x 12 ------------------
[0.016971, 0.015734, 0.024449, 0.047389, 0.066303, 0.094365, 0.127650, 0.166008, 0.212989, 0.266605, 0.311063]
 
---------------Topology: 4 x 6 ------------------
[0.033935, 0.027957, 0.030466, 0.053578, 0.079739, 0.111382, 0.148485, 0.188454, 0.227992, 0.267957, 0.320300]
 
---------------Topology: 8 x 3 ------------------
[0.065051, 0.014263, 0.020764, 0.035467, 0.055572, 0.078640, 0.107341, 0.141820, 0.184781, 0.226427, 0.287742]
 
---------------Topology: 12 x 2 ------------------
[0.059314, 0.012612, 0.018939, 0.033521, 0.051186, 0.071942, 0.098572, 0.131749, 0.163824, 0.212356, 0.277153]
 
---------------Topology: 24 x 1 ------------------
[0.092818, 0.015225, 0.029313, 0.046816, 0.066009, 0.089290, 0.117643, 0.155993, 0.179033, 0.234895, 0.288753]
 
*** 16 MPI and 12 OMP ******************************
---------------Topology: 1 x 16 ------------------
[0.009062, 0.014401, 0.025013, 0.030828, 0.048587, 0.071995, 0.098515, 0.132419, 0.169423, 0.225042, 0.295640]
 
---------------Topology: 2 x 8 ------------------
[0.049561, 0.011214, 0.017428, 0.028732, 0.046153, 0.068620, 0.092319, 0.126505, 0.170010, 0.230978, 0.294308]
 
---------------Topology: 4 x 4 ------------------
[0.066028, 0.009807, 0.018187, 0.030369, 0.046543, 0.069490, 0.094038, 0.126248, 0.166160, 0.211429, 0.266836]
 
---------------Topology: 8 x 2 ------------------
[0.075248, 0.011545, 0.025583, 0.034925, 0.055714, 0.078533, 0.108768, 0.145308, 0.191041, 0.239593, 0.306586]
 
---------------Topology: 12 x 1 ------------------
[from, processes, , , , , , , , , ]
 
---------------Topology: 24 x 0 ------------------
[processes, processes, , , , , , , , , ]
 
*** 8 MPI and 24 OMP ******************************
---------------Topology: 1 x 8 ------------------
[0.007494, 0.006624, 0.010242, 0.016411, 0.025467, 0.034626, 0.045590, 0.058681, 0.075096, 0.090874, 0.108907]
 
---------------Topology: 2 x 4 ------------------
[0.007427, 0.009486, 0.011513, 0.018024, 0.026109, 0.035668, 0.046910, 0.059773, 0.073956, 0.091404, 0.109734]
 
---------------Topology: 4 x 2 ------------------
[0.008949, 0.010473, 0.013546, 0.018577, 0.027248, 0.038381, 0.048496, 0.061729, 0.077740, 0.094579, 0.114432]
 
---------------Topology: 8 x 1 ------------------
[0.013823, 0.023271, 0.017759, 0.024213, 0.035370, 0.043984, 0.059512, 0.070603, 0.091338, 0.106079, 0.130044]
 
*** 4 MPI and 48 OMP ******************************
---------------Topology: 1 x 4 ------------------
[0.040662, 0.038603, 0.033067, 0.054417, 0.079186, 0.111005, 0.149850, 0.196884, 0.259359, 0.298487, 0.354740]
 
---------------Topology: 2 x 2 ------------------
[0.020118, 0.040036, 0.028954, 0.048778, 0.073684, 0.103210, 0.142058, 0.182417, 0.227720, 0.290569, 0.346677]
 
---------------Topology: 4 x 1 ------------------
[0.034364, 0.021674, 0.028908, 0.040052, 0.064980, 0.089704, 0.124395, 0.176853, 0.230556, 0.293337, 0.357220]
 
