*** 96 MPI and 1 OMP ******************************
---------------Topology: 1 x 96 ------------------
[, , , , , , , , , , ]
 
---------------Topology: 2 x 48 ------------------
[0.011461, 0.007110, 0.015463, 0.026965, 0.041597, 0.059405, 0.081223, 0.106810, 0.136600, 0.170091, 0.206980]
 
---------------Topology: 4 x 24 ------------------
[0.007194, 0.006922, 0.015122, 0.026578, 0.041257, 0.059278, 0.080449, 0.106185, 0.134444, 0.168244, 0.204578]
 
---------------Topology: 8 x 12 ------------------
[0.005728, 0.006936, 0.014988, 0.026119, 0.041076, 0.058980, 0.080520, 0.105159, 0.134696, 0.168081, 0.204437]
 
---------------Topology: 12 x 8 ------------------
[0.003883, 0.006990, 0.014838, 0.026229, 0.041257, 0.058864, 0.080919, 0.106567, 0.136106, 0.169301, 0.206148]
 
---------------Topology: 24 x 4 ------------------
[0.003823, 0.006982, 0.015590, 0.026981, 0.042300, 0.060645, 0.083248, 0.110466, 0.139349, 0.174902, 0.211050]
 
*** 48 MPI and 2 OMP ******************************
---------------Topology: 1 x 48 ------------------
[0.007713, 0.010502, 0.021410, 0.036880, 0.056463, 0.079626, 0.106994, 0.138870, 0.193645, 0.228546, 0.305837]
 
---------------Topology: 2 x 24 ------------------
[0.010275, 0.016676, 0.037435, 0.063545, 0.096493, 0.138585, 0.185728, 0.235898, 0.292687, 0.360132, 0.436942]
 
---------------Topology: 4 x 12 ------------------
[0.011151, 0.011750, 0.026254, 0.045728, 0.070912, 0.102947, 0.141851, 0.182081, 0.210588, 0.274994, 0.308612]
 
---------------Topology: 8 x 6 ------------------
[0.007903, 0.016838, 0.037254, 0.066501, 0.105003, 0.147128, 0.193057, 0.251202, 0.307548, 0.384371, 0.459807]
 
---------------Topology: 12 x 4 ------------------
[0.008479, 0.009599, 0.021056, 0.038539, 0.060690, 0.087460, 0.120236, 0.157629, 0.195104, 0.234986, 0.283523]
 
---------------Topology: 24 x 2 ------------------
[0.012937, 0.012263, 0.025085, 0.044490, 0.068194, 0.101547, 0.137323, 0.177971, 0.241757, 0.286637, 0.353709]
 
*** 24 MPI and 4 OMP ******************************
---------------Topology: 1 x 24 ------------------
[0.060475, 0.013390, 0.029134, 0.051882, 0.081895, 0.122229, 0.166026, 0.217034, 0.284634, 0.349290, 0.425985]
 
---------------Topology: 2 x 12 ------------------
[0.020133, 0.016504, 0.034774, 0.061250, 0.097438, 0.143404, 0.197754, 0.275970, 0.356084, 0.441187, 0.517808]
 
---------------Topology: 4 x 6 ------------------
[0.063635, 0.014816, 0.031976, 0.057415, 0.091653, 0.130521, 0.179258, 0.246864, 0.343304, 0.390352, 0.482597]
 
---------------Topology: 8 x 3 ------------------
[0.086197, 0.014803, 0.032938, 0.058923, 0.094459, 0.135993, 0.196085, 0.267262, 0.319826, 0.394822, 0.505946]
 
---------------Topology: 12 x 2 ------------------
[0.075521, 0.015030, 0.031890, 0.058630, 0.091453, 0.135570, 0.185040, 0.244298, 0.331509, 0.425257, 0.515441]
 
---------------Topology: 24 x 1 ------------------
[0.018972, 0.021337, 0.037433, 0.061677, 0.096642, 0.136652, 0.194420, 0.264702, 0.335052, 0.421730, 0.529159]
 
*** 12 MPI and 8 OMP ******************************
---------------Topology: 1 x 12 ------------------
[0.079157, 0.018224, 0.031916, 0.056427, 0.093353, 0.144333, 0.197148, 0.255549, 0.299384, 0.290315, 0.364575]
 
---------------Topology: 2 x 6 ------------------
[0.014941, 0.016415, 0.032923, 0.057425, 0.092521, 0.132578, 0.188524, 0.249676, 0.277349, 0.351946, 0.433607]
 
---------------Topology: 3 x 4 ------------------
[0.095451, 0.015261, 0.031864, 0.056184, 0.084737, 0.107092, 0.168545, 0.210098, 0.264920, 0.354975, 0.453416]
 
---------------Topology: 6 x 2 ------------------
[0.016964, 0.028817, 0.035524, 0.064663, 0.105903, 0.155006, 0.216437, 0.298159, 0.388983, 0.492301, 0.599171]
 
---------------Topology: 12 x 1 ------------------
[0.087117, 0.021467, 0.040098, 0.070809, 0.108454, 0.150017, 0.200873, 0.275582, 0.339690, 0.354135, 0.447943]
 
*** 8 MPI and 12 OMP ******************************
---------------Topology: 1 x 8 ------------------
[0.042506, 0.031209, 0.041148, 0.062056, 0.094774, 0.144991, 0.201458, 0.297643, 0.381404, 0.483399, 0.593135]
 
---------------Topology: 2 x 4 ------------------
[0.032415, 0.031868, 0.035742, 0.062176, 0.109640, 0.163089, 0.233276, 0.307534, 0.397929, 0.395048, 0.475557]
 
---------------Topology: 4 x 2 ------------------
[0.015292, 0.028881, 0.035530, 0.065073, 0.104322, 0.154950, 0.228469, 0.374246, 0.446543, 0.527159, 0.622745]
 
---------------Topology: 8 x 1 ------------------
[0.034713, 0.030172, 0.040212, 0.059954, 0.098611, 0.120739, 0.180513, 0.239384, 0.295763, 0.368916, 0.428662]
 
*** 4 MPI and 24 OMP ******************************
---------------Topology: 1 x 4 ------------------
[0.012108, 0.015838, 0.018413, 0.030146, 0.045582, 0.064489, 0.086246, 0.112363, 0.143599, 0.177373, 0.213884]
 
---------------Topology: 2 x 2 ------------------
[0.007100, 0.009995, 0.019645, 0.032358, 0.048053, 0.066768, 0.089618, 0.116104, 0.144636, 0.179740, 0.215435]
 
---------------Topology: 4 x 1 ------------------
[0.009593, 0.015805, 0.023838, 0.036093, 0.053500, 0.072535, 0.096005, 0.125288, 0.155811, 0.193255, 0.238650]
 
*** 2 MPI and 48 OMP ******************************
---------------Topology: 1 x 2 ------------------
[0.026183, 0.040203, 0.036584, 0.065471, 0.106259, 0.167102, 0.244030, 0.333642, 0.454691, 0.526152, 0.631326]
 
---------------Topology: 2 x 1 ------------------
[0.028268, 0.042345, 0.041229, 0.072052, 0.118627, 0.176694, 0.253023, 0.360073, 0.462585, 0.541290, 0.641926]
 
