*** 96 MPI and 1 OMP ******************************
---------------Topology: 1 x 96 ------------------
[from, 96, Time, , , , , , , , ]
 
---------------Topology: 2 x 48 ------------------
[0.100220, 0.004611, 0.026663, 0.064896, 0.110351, 0.164057, 0.228721, 0.308393, 0.382040, 0.471779, 0.570415]
 
---------------Topology: 4 x 24 ------------------
[0.106207, 0.005280, 0.025285, 0.062786, 0.107935, 0.162865, 0.227535, 0.300332, 0.378554, 0.470485, 0.568863]
 
---------------Topology: 8 x 12 ------------------
[0.235006, 0.167499, 0.194145, 0.189495, 0.167813, 0.218707, 0.308379, 0.303829, 0.380823, 0.476987, 0.571010]
 
---------------Topology: 12 x 8 ------------------
[0.148445, 0.004577, 0.025723, 0.063022, 0.109204, 0.164508, 0.230244, 0.302611, 0.383312, 0.474677, 0.576882]
 
---------------Topology: 24 x 4 ------------------
[0.209588, 0.223396, 0.079293, 0.066132, 0.114421, 0.168532, 0.236403, 0.309493, 0.391797, 0.484020, 0.586007]
 
*** 48 MPI and 2 OMP ******************************
---------------Topology: 1 x 48 ------------------
[0.084742, 0.016598, 0.029087, 0.071530, 0.130686, 0.169647, 0.234531, 0.307741, 0.389797, 0.484132, 0.581570]
 
---------------Topology: 2 x 24 ------------------
[0.101938, 0.087507, 0.113148, 0.065177, 0.111156, 0.165531, 0.230294, 0.302963, 0.384919, 0.473116, 0.572373]
 
---------------Topology: 4 x 12 ------------------
[0.044925, 0.005767, 0.025929, 0.064246, 0.109779, 0.162828, 0.228226, 0.299131, 0.381977, 0.470458, 0.575261]
 
---------------Topology: 8 x 6 ------------------
[0.192939, 0.005126, 0.027122, 0.063625, 0.113654, 0.192050, 0.230069, 0.301572, 0.385226, 0.473604, 0.574031]
 
---------------Topology: 12 x 4 ------------------
[0.085040, 0.005279, 0.027051, 0.064727, 0.111206, 0.165927, 0.229802, 0.303194, 0.385530, 0.476573, 0.587803]
 
---------------Topology: 24 x 2 ------------------
[0.085534, 0.006525, 0.027513, 0.069371, 0.117109, 0.172714, 0.237480, 0.310380, 0.395997, 0.488030, 0.589938]
 
*** 24 MPI and 4 OMP ******************************
---------------Topology: 1 x 24 ------------------
[0.062580, 0.025732, 0.036395, 0.080069, 0.115386, 0.171870, 0.238881, 0.310730, 0.393004, 0.483566, 0.589374]
 
---------------Topology: 2 x 12 ------------------
[0.096282, 0.007657, 0.026712, 0.065303, 0.112717, 0.169396, 0.231791, 0.305479, 0.386724, 0.488145, 0.578487]
 
---------------Topology: 4 x 6 ------------------
[0.082400, 0.006961, 0.045845, 0.065310, 0.111258, 0.166391, 0.232225, 0.304205, 0.388445, 0.479174, 0.580594]
 
---------------Topology: 8 x 3 ------------------
[0.063129, 0.011804, 0.029391, 0.067218, 0.116332, 0.170117, 0.257297, 0.308929, 0.396045, 0.481285, 0.581229]
 
---------------Topology: 12 x 2 ------------------
[0.110946, 0.008562, 0.027505, 0.068761, 0.116595, 0.171345, 0.234471, 0.310386, 0.389102, 0.478189, 0.580148]
 
---------------Topology: 24 x 1 ------------------
[0.137694, 0.033016, 0.033704, 0.077628, 0.122355, 0.173462, 0.241342, 0.327112, 0.400603, 0.495283, 0.598655]
 
*** 12 MPI and 8 OMP ******************************
---------------Topology: 1 x 12 ------------------
[0.051498, 0.031065, 0.031095, 0.070531, 0.119009, 0.175869, 0.239292, 0.314458, 0.392673, 0.485111, 0.586125]
 
---------------Topology: 2 x 6 ------------------
[0.107234, 0.007754, 0.028245, 0.069071, 0.122769, 0.172638, 0.237335, 0.311241, 0.402462, 0.481414, 0.580624]
 
---------------Topology: 3 x 4 ------------------
[0.120248, 0.007236, 0.028146, 0.068765, 0.118025, 0.171312, 0.236337, 0.313558, 0.393495, 0.482119, 0.586169]
 
---------------Topology: 6 x 2 ------------------
[0.038710, 0.021638, 0.028420, 0.067986, 0.116370, 0.175567, 0.241601, 0.303662, 0.394427, 0.482336, 0.584179]
 
---------------Topology: 12 x 1 ------------------
[0.061486, 0.014732, 0.034665, 0.081462, 0.129570, 0.187674, 0.247062, 0.331745, 0.417732, 0.503265, 0.593043]
 
*** 8 MPI and 12 OMP ******************************
---------------Topology: 1 x 8 ------------------
[0.029031, 0.024770, 0.036451, 0.070294, 0.118807, 0.173296, 0.240270, 0.312083, 0.396622, 0.507917, 0.589858]
 
---------------Topology: 2 x 4 ------------------
[0.055272, 0.008722, 0.032143, 0.070112, 0.119462, 0.172440, 0.238707, 0.315907, 0.396174, 0.488181, 0.588521]
 
---------------Topology: 4 x 2 ------------------
[0.032584, 0.016888, 0.030476, 0.071963, 0.117844, 0.175439, 0.241531, 0.315000, 0.397960, 0.489973, 0.596849]
 
---------------Topology: 8 x 1 ------------------
[0.047732, 0.015578, 0.039746, 0.080105, 0.131787, 0.184865, 0.258036, 0.367803, 0.413499, 0.500187, 0.613374]
 
*** 4 MPI and 24 OMP ******************************
---------------Topology: 1 x 4 ------------------
[0.031394, 0.033472, 0.038078, 0.072386, 0.118685, 0.175699, 0.239141, 0.314087, 0.402053, 0.518159, 0.592748]
 
---------------Topology: 2 x 2 ------------------
[0.023068, 0.021857, 0.043955, 0.074014, 0.124379, 0.181785, 0.245432, 0.322116, 0.406960, 0.502306, 0.597538]
 
---------------Topology: 4 x 1 ------------------
[0.013265, 0.019781, 0.048961, 0.077371, 0.128700, 0.188026, 0.253999, 0.330978, 0.444957, 0.530111, 0.644704]
 
*** 2 MPI and 48 OMP ******************************
---------------Topology: 1 x 2 ------------------
[10.326269, 13.033879, 7.635894, 16.831427, 17.964108, 16.798762, 19.551337, 16.800056, 15.538101, 16.452719, 16.220619]
 
---------------Topology: 2 x 1 ------------------
[11.791873, 3.109343, 10.422031, 17.003751, 18.048434, 18.252839, 18.496133, 17.623939, 15.328835, 16.624228, 14.309343]
 
