---------------Topology: 1 x 144 ------------------
[fault, (128), address:, `./heat':, normally,, code., process, , , , ] 
 
---------------Topology: 2 x 72 ------------------
[0.001411, 0.002382, 0.005420, 0.010113, 0.026125, 0.046098, 0.068600, 0.093158, 0.118640, 0.153841, 0.183959] 
 
---------------Topology: 3 x 48 ------------------
[0.002458, 0.002603, 0.005277, 0.010121, 0.025803, 0.046334, 0.067772, 0.088946, 0.117406, 0.148425, 0.184063] 
 
---------------Topology: 4 x 36 ------------------
[0.001609, 0.001902, 0.005042, 0.009439, 0.024681, 0.044623, 0.066378, 0.088776, 0.115891, 0.147121, 0.182182] 
 
---------------Topology: 6 x 24 ------------------
[0.001683, 0.001933, 0.004625, 0.009619, 0.024776, 0.044389, 0.066424, 0.089927, 0.115985, 0.147738, 0.181654] 
 
---------------Topology: 8 x 18 ------------------
[0.001817, 0.002023, 0.004671, 0.009027, 0.024123, 0.044499, 0.067720, 0.089040, 0.115917, 0.147634, 0.183110] 
 
---------------Topology: 12 x 12 ------------------
[0.001799, 0.002117, 0.004761, 0.009017, 0.023402, 0.044541, 0.066900, 0.088287, 0.116326, 0.147514, 0.182439] 
 
---------------Topology: 16 x 9 ------------------
[0.001865, 0.002159, 0.005028, 0.009422, 0.023978, 0.043742, 0.065317, 0.088556, 0.118522, 0.149904, 0.184019] 
 
---------------Topology: 24 x 6 ------------------
[0.002070, 0.002355, 0.005262, 0.009833, 0.024615, 0.044376, 0.067063, 0.090696, 0.119390, 0.151350, 0.186747] 
 
---------------Topology: 48 x 3 ------------------
[0.002319, 0.003375, 0.006622, 0.011741, 0.026901, 0.049121, 0.071492, 0.097903, 0.124944, 0.158960, 0.192876] 
 
