---------------Topology: 1 x 144 ------------------
[(fast):, returned, job, PID, , , , , , , ] 
 
---------------Topology: 2 x 72 ------------------
[214.717, 470.682, 464.907, 443.061, 267.971, 218.694, 199.999, 192.394, 191.180, 182.093, 184.174] 
 
---------------Topology: 3 x 48 ------------------
[162.187, 430.300, 477.599, 442.788, 271.298, 217.551, 202.445, 201.480, 193.188, 188.651, 184.067] 
 
---------------Topology: 4 x 36 ------------------
[181.431, 589.502, 500.175, 474.866, 283.621, 225.902, 206.771, 201.856, 195.704, 190.324, 185.968] 
 
---------------Topology: 6 x 24 ------------------
[175.559, 579.453, 544.876, 465.874, 282.541, 227.092, 206.552, 199.354, 195.543, 189.526, 186.509] 
 
---------------Topology: 8 x 18 ------------------
[163.677, 553.652, 539.493, 496.434, 290.201, 226.529, 202.604, 201.316, 195.657, 189.660, 185.028] 
 
---------------Topology: 12 x 12 ------------------
[164.332, 529.652, 529.297, 496.928, 299.121, 226.696, 205.093, 202.975, 194.971, 189.813, 185.707] 
 
---------------Topology: 16 x 9 ------------------
[159.078, 519.268, 501.146, 475.607, 291.932, 230.472, 210.052, 202.358, 191.360, 186.786, 184.111] 
 
---------------Topology: 24 x 6 ------------------
[142.890, 475.492, 479.012, 455.667, 284.382, 227.160, 204.596, 197.605, 189.968, 185.005, 181.423] 
 
---------------Topology: 48 x 3 ------------------
[124.540, 331.859, 380.553, 381.583, 260.225, 205.230, 191.911, 183.039, 181.523, 176.146, 175.658] 
 
