---------------Topology: 1 x 96 ------------------
[file], will, message, to, , , , , , , ] 
 
---------------Topology: 2 x 48 ------------------
[199.845, 332.653, 329.803, 192.787, 148.090, 132.566, 128.168, 125.350, 122.210, 121.749, 120.611] 
 
---------------Topology: 3 x 32 ------------------
[171.013, 324.876, 339.151, 197.129, 147.695, 127.517, 131.277, 127.580, 124.063, 122.332, 121.116] 
 
---------------Topology: 4 x 24 ------------------
[158.627, 368.394, 328.467, 192.067, 147.694, 131.560, 126.032, 126.866, 124.762, 122.773, 121.384] 
 
---------------Topology: 6 x 16 ------------------
[163.542, 378.948, 361.091, 203.109, 149.338, 133.301, 131.327, 127.916, 124.234, 122.013, 120.997] 
 
---------------Topology: 8 x 12 ------------------
[152.396, 376.932, 354.555, 207.335, 150.062, 139.383, 132.446, 127.863, 123.802, 122.180, 120.963] 
 
---------------Topology: 12 x 8 ------------------
[142.735, 329.027, 337.071, 202.686, 149.460, 135.789, 131.673, 126.449, 124.107, 121.984, 120.451] 
 
---------------Topology: 16 x 6 ------------------
[141.945, 325.772, 332.047, 205.071, 151.274, 134.987, 128.740, 126.091, 121.626, 120.850, 119.637] 
 
---------------Topology: 24 x 4 ------------------
[127.140, 284.388, 302.266, 193.186, 145.739, 135.762, 127.668, 123.850, 121.320, 119.059, 118.113] 
 
---------------Topology: 48 x 2 ------------------
[105.797, 214.911, 245.355, 167.778, 132.086, 127.510, 121.610, 117.356, 116.697, 114.407, 114.467] 
 
