---------------Topology: 1 x 48 ------------------
[0.002124, 0.007117, 0.028879, 0.066217, 0.110374, 0.160123, 0.224401, 0.295988, 0.376522, 0.467313, 0.567199] 
 
---------------Topology: 2 x 24 ------------------
[0.001984, 0.006347, 0.027704, 0.065746, 0.107847, 0.159975, 0.221704, 0.294845, 0.375221, 0.464370, 0.563888] 
 
---------------Topology: 3 x 16 ------------------
[0.002223, 0.006614, 0.027627, 0.064601, 0.109513, 0.159056, 0.222720, 0.294275, 0.374216, 0.463945, 0.567046] 
 
---------------Topology: 4 x 12 ------------------
[0.002149, 0.006063, 0.026946, 0.064519, 0.107937, 0.160509, 0.222653, 0.294879, 0.375895, 0.465896, 0.564536] 
 
---------------Topology: 6 x 8 ------------------
[0.002160, 0.006192, 0.026012, 0.063626, 0.106463, 0.158200, 0.221816, 0.294724, 0.378147, 0.466172, 0.565642] 
 
---------------Topology: 8 x 6 ------------------
[0.002419, 0.006562, 0.027157, 0.064481, 0.107293, 0.160500, 0.224880, 0.296887, 0.378238, 0.467539, 0.567298] 
 
---------------Topology: 12 x 4 ------------------
[0.002547, 0.006651, 0.027606, 0.063738, 0.109812, 0.163237, 0.225312, 0.300301, 0.379290, 0.471186, 0.570929] 
 
---------------Topology: 16 x 3 ------------------
[0.002683, 0.007191, 0.028124, 0.065462, 0.109218, 0.164417, 0.229558, 0.303039, 0.385013, 0.474008, 0.576571] 
 
---------------Topology: 24 x 2 ------------------
[0.002931, 0.007993, 0.029779, 0.067549, 0.112063, 0.166268, 0.231224, 0.306471, 0.393566, 0.480849, 0.583125] 
 
---------------Topology: 48 x 1 ------------------
[0.004146, 0.011951, 0.036451, 0.075305, 0.123461, 0.179247, 0.243893, 0.324620, 0.406440, 0.501872, 0.599383] 
 
