---------------Topology: 1 x 96 ------------------
[file>, error, by, communicator, invalid, (processes, potentially, processes, parameter, , ] 
 
---------------Topology: 2 x 48 ------------------
[0.001485, 0.003371, 0.007643, 0.023241, 0.047270, 0.076038, 0.107081, 0.142962, 0.185596, 0.229982, 0.280905] 
 
---------------Topology: 3 x 32 ------------------
[0.001709, 0.003449, 0.007431, 0.022727, 0.047395, 0.079048, 0.104524, 0.140463, 0.182814, 0.228885, 0.279732] 
 
---------------Topology: 4 x 24 ------------------
[0.001848, 0.003041, 0.007674, 0.023329, 0.047398, 0.076620, 0.108864, 0.141255, 0.181787, 0.228064, 0.279115] 
 
---------------Topology: 6 x 16 ------------------
[0.001809, 0.002956, 0.006981, 0.022059, 0.046874, 0.075621, 0.104483, 0.140092, 0.182560, 0.229484, 0.280009] 
 
---------------Topology: 8 x 12 ------------------
[0.001942, 0.002972, 0.007107, 0.021608, 0.046647, 0.072345, 0.103590, 0.140151, 0.183197, 0.229172, 0.280086] 
 
---------------Topology: 12 x 8 ------------------
[0.002057, 0.003404, 0.007476, 0.022104, 0.046835, 0.074240, 0.104198, 0.141717, 0.182748, 0.229540, 0.281276] 
 
---------------Topology: 16 x 6 ------------------
[0.002058, 0.003438, 0.007590, 0.021847, 0.046274, 0.074674, 0.106621, 0.142120, 0.186476, 0.231695, 0.283191] 
 
---------------Topology: 24 x 4 ------------------
[0.002283, 0.003939, 0.008338, 0.023193, 0.048038, 0.074252, 0.107481, 0.144692, 0.186945, 0.235178, 0.286844] 
 
---------------Topology: 48 x 2 ------------------
[0.002685, 0.005213, 0.010272, 0.026703, 0.052999, 0.079055, 0.112820, 0.152698, 0.194357, 0.244740, 0.295987] 
 
