---------------Topology: 1 x 96 ------------------
[/lib64/libc.so.6(__libc_start_main+0xf5)[0x7ff6f0b10725], ./heat[0x402629], of, error, by, communicator, invalid, (processes, potentially, processes, parameter] 
 
---------------Topology: 2 x 48 ------------------
[0.000980, 0.003584, 0.007779, 0.021305, 0.044769, 0.073575, 0.105239, 0.144164, 0.186606, 0.231901, 0.284122] 
 
---------------Topology: 3 x 32 ------------------
[0.001148, 0.003715, 0.007522, 0.022231, 0.044647, 0.073002, 0.105902, 0.142335, 0.185245, 0.230860, 0.283401] 
 
---------------Topology: 4 x 24 ------------------
[0.001150, 0.003012, 0.007765, 0.020360, 0.044089, 0.072964, 0.105234, 0.146044, 0.184680, 0.231567, 0.282448] 
 
---------------Topology: 6 x 16 ------------------
[0.001131, 0.003050, 0.007004, 0.022720, 0.044031, 0.072049, 0.105043, 0.142933, 0.185683, 0.232136, 0.283051] 
 
---------------Topology: 8 x 12 ------------------
[0.001196, 0.003135, 0.007183, 0.021999, 0.044042, 0.072962, 0.106001, 0.143395, 0.184981, 0.231502, 0.283506] 
 
---------------Topology: 12 x 8 ------------------
[0.001323, 0.003416, 0.007702, 0.022033, 0.046323, 0.073586, 0.106757, 0.144765, 0.187160, 0.233591, 0.287938] 
 
---------------Topology: 16 x 6 ------------------
[0.001462, 0.003773, 0.008096, 0.023234, 0.044634, 0.075065, 0.108599, 0.147607, 0.190230, 0.242067, 0.293255] 
 
---------------Topology: 24 x 4 ------------------
[0.001742, 0.004376, 0.009086, 0.025086, 0.050039, 0.076751, 0.111178, 0.149542, 0.193134, 0.241156, 0.294489] 
 
---------------Topology: 48 x 2 ------------------
[0.002697, 0.006579, 0.011970, 0.024792, 0.050665, 0.082937, 0.118999, 0.159039, 0.205817, 0.256310, 0.310012] 
 
