---------------Topology: 1 x 48 ------------------
[149.026, 162.073, 89.276, 69.912, 63.979, 61.004, 60.165, 59.485, 59.296, 59.091, 59.063] 
 
---------------Topology: 2 x 24 ------------------
[206.257, 170.276, 96.906, 72.016, 65.250, 62.266, 61.067, 60.139, 59.174, 59.539, 59.218] 
 
---------------Topology: 3 x 16 ------------------
[182.195, 167.600, 88.552, 72.495, 64.260, 61.826, 61.018, 60.111, 59.516, 59.640, 59.316] 
 
---------------Topology: 4 x 12 ------------------
[181.467, 183.216, 90.572, 71.806, 64.492, 61.866, 60.927, 60.069, 59.607, 59.358, 59.155] 
 
---------------Topology: 6 x 8 ------------------
[171.107, 174.253, 101.161, 71.889, 64.355, 61.786, 60.417, 59.790, 59.177, 59.199, 59.098] 
 
---------------Topology: 8 x 6 ------------------
[155.854, 168.105, 89.073, 70.927, 64.133, 61.291, 59.869, 59.231, 59.256, 58.882, 58.955] 
 
---------------Topology: 12 x 4 ------------------
[134.127, 155.119, 95.975, 70.172, 62.608, 60.008, 58.982, 58.565, 58.590, 58.532, 58.389] 
 
---------------Topology: 16 x 3 ------------------
[113.610, 138.854, 94.302, 68.881, 61.853, 59.217, 58.335, 57.539, 57.257, 57.517, 57.485] 
 
---------------Topology: 24 x 2 ------------------
[95.207, 120.340, 82.715, 65.438, 60.586, 58.477, 56.759, 56.245, 55.977, 55.839, 56.011] 
 
---------------Topology: 48 x 1 ------------------
[51.920, 78.331, 68.141, 51.146, 52.343, 51.394, 51.215, 51.432, 51.091, 51.478, 51.601] 
 
