---------------Topology: 1 x 48 ------------------
[0.001892, 0.006911, 0.028258, 0.064133, 0.109412, 0.165238, 0.228039, 0.301259, 0.382488, 0.473850, 0.573626] 
 
---------------Topology: 2 x 24 ------------------
[0.001390, 0.006578, 0.026162, 0.062209, 0.107284, 0.161890, 0.224671, 0.297983, 0.383286, 0.470280, 0.572122] 
 
---------------Topology: 3 x 16 ------------------
[0.001575, 0.006685, 0.028598, 0.061798, 0.108938, 0.163042, 0.224853, 0.298122, 0.381075, 0.469487, 0.571178] 
 
---------------Topology: 4 x 12 ------------------
[0.001579, 0.006115, 0.027831, 0.062440, 0.108550, 0.162937, 0.225191, 0.298327, 0.380493, 0.471716, 0.572738] 
 
---------------Topology: 6 x 8 ------------------
[0.001674, 0.006428, 0.025129, 0.062330, 0.108772, 0.163152, 0.227090, 0.299723, 0.383257, 0.472981, 0.573290] 
 
---------------Topology: 8 x 6 ------------------
[0.001833, 0.006664, 0.028296, 0.063222, 0.109151, 0.164463, 0.229283, 0.302549, 0.382752, 0.475532, 0.574681] 
 
---------------Topology: 12 x 4 ------------------
[0.002115, 0.007221, 0.026519, 0.063844, 0.111808, 0.167980, 0.232614, 0.305995, 0.387102, 0.478375, 0.580243] 
 
---------------Topology: 16 x 3 ------------------
[0.002488, 0.008066, 0.026995, 0.065041, 0.113172, 0.170226, 0.235195, 0.311443, 0.396115, 0.486813, 0.589373] 
 
---------------Topology: 24 x 2 ------------------
[0.002951, 0.009313, 0.030482, 0.068546, 0.115544, 0.172380, 0.241723, 0.318606, 0.405167, 0.501488, 0.604886] 
 
---------------Topology: 48 x 1 ------------------
[0.005397, 0.014303, 0.037189, 0.087595, 0.133738, 0.196137, 0.267891, 0.348428, 0.443953, 0.543945, 0.656587] 
 
