---------------Topology: 1 x 192 ------------------
[will, message, to, , , , , , , , ] 
 
---------------Topology: 2 x 96 ------------------
[message, to, , , , , , , , , ] 
 
---------------Topology: 3 x 64 ------------------
[file], will, message, to, , , , , , , ] 
 
---------------Topology: 4 x 48 ------------------
[347.784, 817.068, 609.738, 667.977, 568.151, 378.046, 314.465, 280.398, 265.787, 259.307, 250.400] 
 
---------------Topology: 6 x 32 ------------------
[330.459, 731.629, 726.819, 652.217, 568.981, 401.900, 321.088, 286.499, 264.875, 255.989, 249.747] 
 
---------------Topology: 8 x 24 ------------------
[326.695, 722.136, 675.981, 701.100, 561.927, 399.386, 292.218, 274.116, 265.800, 257.704, 250.633] 
 
---------------Topology: 12 x 16 ------------------
[309.406, 692.249, 681.564, 688.011, 586.070, 416.317, 310.289, 281.558, 265.937, 257.004, 250.448] 
 
---------------Topology: 16 x 12 ------------------
[289.967, 630.068, 650.486, 646.069, 556.407, 388.495, 320.039, 282.513, 264.433, 254.379, 247.875] 
 
---------------Topology: 24 x 8 ------------------
[250.266, 550.865, 563.831, 606.276, 524.568, 415.250, 313.793, 273.935, 258.793, 250.571, 243.476] 
 
---------------Topology: 48 x 4 ------------------
[171.625, 383.182, 427.322, 470.546, 526.852, 387.547, 297.416, 264.753, 246.258, 238.720, 233.487] 
 
