---------------Topology: 1 x 96 ------------------
[will, message, to, , , , , , , , ] 
 
---------------Topology: 2 x 48 ------------------
[293.612, 312.513, 323.988, 211.754, 156.360, 137.006, 130.371, 124.307, 121.541, 120.742, 119.245] 
 
---------------Topology: 3 x 32 ------------------
[251.689, 301.541, 335.036, 201.633, 156.789, 138.079, 129.581, 125.904, 122.434, 121.286, 119.549] 
 
---------------Topology: 4 x 24 ------------------
[254.554, 371.886, 324.580, 221.920, 158.772, 138.151, 130.377, 122.713, 122.809, 120.916, 119.951] 
 
---------------Topology: 6 x 16 ------------------
[259.760, 367.263, 359.859, 197.331, 159.180, 139.906, 130.613, 125.375, 122.146, 120.619, 119.696] 
 
---------------Topology: 8 x 12 ------------------
[244.608, 357.282, 350.908, 203.747, 159.155, 138.155, 129.438, 124.972, 122.608, 120.949, 119.505] 
 
---------------Topology: 12 x 8 ------------------
[218.648, 327.893, 327.209, 203.389, 151.660, 136.984, 128.520, 123.789, 121.181, 119.868, 117.701] 
 
---------------Topology: 16 x 6 ------------------
[197.494, 296.902, 311.314, 192.834, 156.838, 134.285, 126.336, 121.408, 119.225, 115.705, 115.542] 
 
---------------Topology: 24 x 4 ------------------
[164.025, 255.968, 277.370, 178.592, 140.766, 131.339, 123.418, 119.834, 117.432, 116.108, 115.048] 
 
---------------Topology: 48 x 2 ------------------
[104.323, 170.252, 210.969, 183.157, 138.163, 121.539, 115.297, 112.695, 110.196, 109.244, 109.289] 
 
