---------------Topology: 1 x 192 ------------------
[will, message, to, , , , , , , , ] 
 
---------------Topology: 2 x 96 ------------------
[file], will, message, to, , , , , , , ] 
 
---------------Topology: 3 x 64 ------------------
[file], will, message, to, , , , , , , ] 
 
---------------Topology: 4 x 48 ------------------
[212.721, 756.812, 639.673, 676.208, 517.342, 346.028, 292.881, 268.582, 270.939, 262.439, 255.459] 
 
---------------Topology: 6 x 32 ------------------
[183.027, 716.628, 719.657, 663.189, 536.939, 357.655, 297.666, 263.562, 262.284, 257.536, 253.316] 
 
---------------Topology: 8 x 24 ------------------
[176.071, 722.585, 713.880, 709.249, 548.509, 360.820, 299.300, 269.957, 271.330, 263.013, 254.955] 
 
---------------Topology: 12 x 16 ------------------
[165.417, 697.216, 703.283, 700.305, 522.981, 353.837, 301.834, 267.162, 263.092, 261.449, 255.909] 
 
---------------Topology: 16 x 12 ------------------
[164.277, 678.661, 691.237, 687.645, 549.190, 362.316, 302.297, 269.644, 270.252, 261.207, 254.277] 
 
---------------Topology: 24 x 8 ------------------
[155.349, 610.777, 623.248, 661.480, 542.404, 356.513, 299.372, 277.459, 269.621, 258.021, 251.641] 
 
---------------Topology: 48 x 4 ------------------
[133.588, 439.472, 500.386, 538.628, 481.030, 334.607, 285.129, 263.919, 256.533, 241.609, 241.612] 
 
