---------------Topology: 1 x 48 ------------------
[132.675, 157.382, 87.285, 67.679, 63.485, 62.952, 61.141, 60.543, 60.236, 59.917, 59.732] 
 
---------------Topology: 2 x 24 ------------------
[144.469, 176.511, 90.973, 68.148, 64.916, 63.010, 61.885, 60.778, 60.444, 60.297, 60.083] 
 
---------------Topology: 3 x 16 ------------------
[129.351, 169.378, 91.219, 69.349, 63.967, 63.374, 61.602, 60.896, 60.607, 60.352, 59.748] 
 
---------------Topology: 4 x 12 ------------------
[136.289, 184.732, 93.524, 69.438, 64.870, 62.800, 61.620, 60.771, 60.336, 60.099, 60.014] 
 
---------------Topology: 6 x 8 ------------------
[133.675, 180.881, 96.881, 70.411, 65.765, 63.717, 61.853, 60.803, 59.977, 60.064, 59.897] 
 
---------------Topology: 8 x 6 ------------------
[119.615, 170.693, 92.797, 69.483, 65.255, 62.805, 61.010, 60.360, 59.962, 59.889, 59.722] 
 
---------------Topology: 12 x 4 ------------------
[113.672, 168.402, 91.289, 70.294, 63.750, 61.751, 60.894, 59.674, 59.798, 59.425, 59.342] 
 
---------------Topology: 16 x 3 ------------------
[106.794, 155.764, 89.604, 68.438, 64.094, 61.310, 59.769, 59.134, 58.908, 59.071, 58.761] 
 
---------------Topology: 24 x 2 ------------------
[96.190, 140.195, 84.624, 66.374, 62.465, 60.630, 59.337, 58.472, 57.627, 58.231, 58.102] 
 
---------------Topology: 48 x 1 ------------------
[67.726, 93.713, 69.136, 59.523, 56.700, 56.276, 56.257, 55.203, 55.802, 55.791, 56.525] 
 
