---------------Topology: 1 x 144 ------------------
[./heat[0x402c9a], /lib64/libc.so.6(__libc_start_main+0xf5)[0x7f374ce02725], ./heat[0x402629], of, normally,, code., process, , , , ] 
 
---------------Topology: 2 x 72 ------------------
[0.000888, 0.002282, 0.005400, 0.010054, 0.022552, 0.042784, 0.065347, 0.092308, 0.121023, 0.152155, 0.187769] 
 
---------------Topology: 3 x 48 ------------------
[0.000979, 0.002523, 0.005399, 0.010007, 0.022618, 0.042245, 0.063930, 0.091567, 0.121954, 0.150346, 0.185539] 
 
---------------Topology: 4 x 36 ------------------
[0.000999, 0.001836, 0.005342, 0.009488, 0.022874, 0.042002, 0.064475, 0.090941, 0.119209, 0.149350, 0.184751] 
 
---------------Topology: 6 x 24 ------------------
[0.000983, 0.001930, 0.004814, 0.009641, 0.022297, 0.041137, 0.063689, 0.090288, 0.119135, 0.149874, 0.189105] 
 
---------------Topology: 8 x 18 ------------------
[0.001004, 0.002014, 0.004697, 0.008814, 0.022342, 0.041056, 0.063567, 0.089843, 0.119560, 0.150905, 0.186008] 
 
---------------Topology: 12 x 12 ------------------
[0.001092, 0.002216, 0.005016, 0.009765, 0.023573, 0.040999, 0.064324, 0.090669, 0.118904, 0.151746, 0.186053] 
 
---------------Topology: 16 x 9 ------------------
[0.001199, 0.002364, 0.005419, 0.009776, 0.022799, 0.041550, 0.065295, 0.093976, 0.121901, 0.152762, 0.188932] 
 
---------------Topology: 24 x 6 ------------------
[0.001357, 0.002706, 0.005831, 0.010651, 0.023293, 0.042205, 0.066538, 0.094505, 0.123519, 0.156195, 0.192080] 
 
---------------Topology: 48 x 3 ------------------
[0.002088, 0.004108, 0.008259, 0.013537, 0.027664, 0.046239, 0.072211, 0.099708, 0.131688, 0.165414, 0.201918] 
 
