---------------Topology: 1 x 144 ------------------
[returned, job, PID, , , , , , , , ] 
 
---------------Topology: 2 x 72 ------------------
[326.704, 490.905, 466.663, 445.926, 311.488, 235.605, 209.957, 194.145, 187.414, 184.025, 180.461] 
 
---------------Topology: 3 x 48 ------------------
[295.905, 443.958, 466.842, 447.806, 310.319, 238.612, 214.611, 195.891, 185.992, 186.237, 182.606] 
 
---------------Topology: 4 x 36 ------------------
[293.313, 609.981, 471.866, 472.648, 306.859, 239.996, 212.797, 197.059, 190.283, 187.479, 183.383] 
 
---------------Topology: 6 x 24 ------------------
[300.670, 580.418, 523.541, 464.766, 315.903, 245.039, 215.422, 198.484, 190.375, 186.823, 179.348] 
 
---------------Topology: 8 x 18 ------------------
[295.632, 556.211, 536.544, 508.457, 317.251, 245.527, 215.839, 199.461, 189.699, 185.549, 182.147] 
 
---------------Topology: 12 x 12 ------------------
[271.450, 505.377, 502.381, 468.436, 300.099, 245.869, 213.299, 197.648, 190.743, 184.526, 182.100] 
 
---------------Topology: 16 x 9 ------------------
[243.680, 473.712, 465.089, 458.360, 311.279, 242.602, 210.124, 190.729, 186.056, 183.292, 179.328] 
 
---------------Topology: 24 x 6 ------------------
[213.563, 413.945, 432.215, 420.743, 305.453, 238.840, 206.198, 189.629, 183.620, 179.263, 176.386] 
 
---------------Topology: 48 x 3 ------------------
[135.729, 272.695, 305.194, 331.106, 254.008, 218.004, 190.005, 179.728, 172.229, 169.273, 167.792] 
 
