*** 48 MPI and 1 OMP ******************************
---------------Topology: 1 x 48 ------------------
[141.424, 156.210, 94.665, 69.184, 63.862, 61.073, 60.034, 59.234, 59.134, 58.934, 58.784]
 
---------------Topology: 2 x 24 ------------------
[185.030, 167.508, 102.154, 71.093, 64.776, 62.081, 60.592, 59.640, 59.500, 59.382, 59.449]
 
---------------Topology: 4 x 12 ------------------
[172.689, 186.222, 94.266, 72.779, 63.722, 61.916, 60.598, 59.869, 59.483, 59.438, 59.261]
 
---------------Topology: 8 x 6 ------------------
[146.976, 168.918, 88.527, 68.105, 63.118, 60.862, 59.262, 58.066, 59.093, 58.885, 58.919]
 
---------------Topology: 12 x 4 ------------------
[129.673, 157.699, 91.106, 68.530, 62.650, 60.461, 59.055, 58.613, 58.509, 57.856, 58.425]
 
---------------Topology: 24 x 2 ------------------
[84.479, 123.102, 91.861, 66.959, 60.641, 58.078, 56.463, 56.337, 55.927, 56.082, 55.924]
 
*** 24 MPI and 2 OMP ******************************
---------------Topology: 1 x 24 ------------------
[62.627, 147.809, 93.263, 69.560, 62.709, 61.334, 59.721, 59.337, 58.830, 58.804, 58.925]
 
---------------Topology: 2 x 12 ------------------
[47.691, 142.301, 91.489, 70.950, 64.886, 61.217, 60.679, 59.679, 59.458, 59.221, 59.293]
 
---------------Topology: 4 x 6 ------------------
[129.796, 182.679, 96.749, 69.564, 64.547, 61.663, 60.237, 59.820, 59.430, 59.057, 59.018]
 
---------------Topology: 8 x 3 ------------------
[93.555, 147.175, 99.295, 70.434, 63.667, 61.089, 59.642, 59.069, 58.770, 58.572, 58.661]
 
---------------Topology: 12 x 2 ------------------
[54.439, 135.696, 96.900, 69.174, 62.091, 59.815, 58.096, 58.044, 58.010, 57.624, 57.581]
 
---------------Topology: 24 x 1 ------------------
[42.784, 91.845, 85.290, 63.394, 57.790, 55.989, 53.802, 55.050, 54.147, 53.898, 54.252]
 
*** 12 MPI and 4 OMP ******************************
---------------Topology: 1 x 12 ------------------
[66.704, 159.584, 92.318, 68.071, 62.811, 60.522, 59.695, 58.981, 58.661, 58.726, 58.646]
 
---------------Topology: 2 x 6 ------------------
[45.295, 142.068, 93.537, 69.559, 63.632, 61.218, 59.437, 58.843, 58.629, 58.888, 58.908]
 
---------------Topology: 3 x 4 ------------------
[44.769, 154.410, 91.338, 68.336, 63.402, 60.741, 59.478, 59.149, 58.896, 58.898, 58.951]
 
---------------Topology: 6 x 2 ------------------
[50.195, 135.537, 95.487, 66.795, 62.375, 60.471, 59.345, 58.978, 58.471, 58.249, 58.520]
 
---------------Topology: 12 x 1 ------------------
[48.379, 89.147, 84.329, 64.680, 59.412, 57.071, 56.922, 56.108, 56.446, 55.803, 56.100]
 
*** 6 MPI and 8 OMP ******************************
---------------Topology: 1 x 6 ------------------
[94.940, 160.961, 87.656, 67.801, 61.732, 59.955, 57.985, 58.608, 58.658, 58.501, 58.669]
 
---------------Topology: 2 x 3 ------------------
[31.160, 159.655, 92.544, 66.560, 61.511, 58.694, 58.251, 57.575, 57.562, 57.707, 57.987]
 
---------------Topology: 3 x 2 ------------------
[42.420, 150.908, 88.474, 67.179, 61.078, 58.786, 59.228, 58.341, 57.995, 57.629, 58.234]
 
---------------Topology: 6 x 1 ------------------
[32.073, 87.894, 85.260, 65.708, 59.346, 58.320, 57.913, 57.583, 57.404, 57.354, 57.755]
 
*** 4 MPI and 12 OMP ******************************
---------------Topology: 1 x 4 ------------------
[41.060, 110.478, 89.288, 65.397, 60.081, 58.383, 58.844, 58.142, 58.319, 57.952, 57.298]
 
---------------Topology: 2 x 2 ------------------
[40.483, 144.010, 86.068, 65.851, 60.098, 57.620, 57.112, 57.194, 57.045, 56.810, 57.127]
 
---------------Topology: 4 x 1 ------------------
[24.831, 81.352, 82.308, 65.122, 58.263, 58.201, 57.916, 57.469, 57.362, 57.181, 56.133]
 
*** 2 MPI and 24 OMP ******************************
---------------Topology: 1 x 2 ------------------
[0.335, 0.684, 0.642, 0.865, 1.272, 1.683, 2.267, 2.905, 3.580, 4.319, 5.055]
 
---------------Topology: 2 x 1 ------------------
