*** 48 MPI and 1 OMP ******************************
---------------Topology: 1 x 48 ------------------
[0.002007, 0.007177, 0.026622, 0.064809, 0.109613, 0.165053, 0.228540, 0.302534, 0.383540, 0.475108, 0.576349]
 
---------------Topology: 2 x 24 ------------------
[0.001567, 0.006690, 0.024673, 0.063017, 0.108067, 0.162372, 0.226432, 0.300471, 0.381186, 0.471529, 0.569901]
 
---------------Topology: 4 x 12 ------------------
[0.001676, 0.006015, 0.026919, 0.061557, 0.109866, 0.162806, 0.226410, 0.299322, 0.381290, 0.471083, 0.571712]
 
---------------Topology: 8 x 6 ------------------
[0.001952, 0.006631, 0.028469, 0.066011, 0.110905, 0.165655, 0.231565, 0.308748, 0.383812, 0.475502, 0.575027]
 
---------------Topology: 12 x 4 ------------------
[0.002210, 0.007103, 0.027825, 0.065376, 0.111737, 0.166721, 0.232325, 0.305735, 0.387637, 0.483968, 0.579885]
 
---------------Topology: 24 x 2 ------------------
[0.005432, 0.009099, 0.027597, 0.066907, 0.115435, 0.173565, 0.242990, 0.318088, 0.405531, 0.499269, 0.605826]
 
*** 24 MPI and 2 OMP ******************************
---------------Topology: 1 x 24 ------------------
[0.005044, 0.007619, 0.027041, 0.064406, 0.111634, 0.164348, 0.229736, 0.302007, 0.385522, 0.476162, 0.574968]
 
---------------Topology: 2 x 12 ------------------
[0.005894, 0.008066, 0.027615, 0.063152, 0.107884, 0.164663, 0.226108, 0.300276, 0.381453, 0.472806, 0.571404]
 
---------------Topology: 4 x 6 ------------------
[0.002198, 0.006145, 0.026050, 0.064404, 0.108453, 0.163472, 0.227770, 0.299570, 0.381626, 0.474116, 0.574066]
 
---------------Topology: 8 x 3 ------------------
[0.003249, 0.007616, 0.025421, 0.063606, 0.109954, 0.165006, 0.230041, 0.303382, 0.385916, 0.478046, 0.577559]
 
---------------Topology: 12 x 2 ------------------
[0.005413, 0.008382, 0.026008, 0.064768, 0.112743, 0.168522, 0.236163, 0.308741, 0.390969, 0.485909, 0.588392]
 
---------------Topology: 24 x 1 ------------------
[0.006886, 0.012654, 0.029548, 0.070678, 0.121130, 0.180043, 0.255018, 0.325531, 0.418869, 0.519507, 0.624494]
 
*** 12 MPI and 4 OMP ******************************
---------------Topology: 1 x 12 ------------------
[0.004209, 0.007052, 0.027302, 0.065818, 0.111450, 0.166554, 0.229834, 0.303831, 0.386634, 0.476801, 0.577716]
 
---------------Topology: 2 x 6 ------------------
[0.006194, 0.008037, 0.026982, 0.064417, 0.110018, 0.164669, 0.230840, 0.304557, 0.386857, 0.475510, 0.575140]
 
---------------Topology: 3 x 4 ------------------
[0.006662, 0.007509, 0.027607, 0.065567, 0.110412, 0.165960, 0.230684, 0.302969, 0.385097, 0.475403, 0.574724]
 
---------------Topology: 6 x 2 ------------------
[0.006094, 0.008269, 0.026427, 0.067079, 0.112230, 0.166699, 0.231193, 0.303846, 0.387895, 0.480701, 0.578956]
 
---------------Topology: 12 x 1 ------------------
[0.005809, 0.012565, 0.029956, 0.069275, 0.117827, 0.176632, 0.241033, 0.319394, 0.401814, 0.501882, 0.603938]
 
*** 6 MPI and 8 OMP ******************************
---------------Topology: 1 x 6 ------------------
[0.002953, 0.006959, 0.028756, 0.066089, 0.113401, 0.168130, 0.236624, 0.305765, 0.386652, 0.478636, 0.577481]
 
---------------Topology: 2 x 3 ------------------
[0.016659, 0.007048, 0.027237, 0.067333, 0.113803, 0.171755, 0.235550, 0.311277, 0.394017, 0.485247, 0.584279]
 
---------------Topology: 3 x 2 ------------------
[0.006657, 0.007422, 0.028506, 0.066696, 0.114617, 0.171485, 0.231659, 0.307187, 0.391095, 0.485871, 0.581803]
 
---------------Topology: 6 x 1 ------------------
[0.008779, 0.012904, 0.029571, 0.068234, 0.118012, 0.172851, 0.236918, 0.311244, 0.395103, 0.488203, 0.586636]
 
*** 4 MPI and 12 OMP ******************************
---------------Topology: 1 x 4 ------------------
[0.006843, 0.010213, 0.028241, 0.068517, 0.116545, 0.172689, 0.233183, 0.308253, 0.388932, 0.483198, 0.591321]
 
---------------Topology: 2 x 2 ------------------
[0.007223, 0.007790, 0.029297, 0.068039, 0.116491, 0.174943, 0.240252, 0.313341, 0.397586, 0.492891, 0.593074]
 
---------------Topology: 4 x 1 ------------------
[0.011794, 0.013770, 0.030649, 0.068803, 0.120201, 0.173200, 0.236902, 0.311825, 0.395390, 0.489675, 0.603582]
 
*** 2 MPI and 24 OMP ******************************
---------------Topology: 1 x 2 ------------------
[1.448174, 1.646833, 3.946953, 5.181791, 5.507637, 5.992215, 6.052402, 6.169570, 6.335786, 6.483469, 6.703852]
 
---------------Topology: 2 x 1 ------------------
