*** 192 MPI and 1 OMP ******************************
---------------Topology: 1 x 192 ------------------
[GFlops, , , , , , , , , , ]
 
---------------Topology: 2 x 96 ------------------
[GFlops, , , , , , , , , , ]
 
---------------Topology: 4 x 48 ------------------
[4.372, 23.008, 44.506, 69.774, 142.361, 126.455, 116.055, 114.622, 113.269, 112.431, 112.020]
 
---------------Topology: 8 x 24 ------------------
[2.797, 349.818, 493.735, 235.863, 150.435, 130.166, 119.584, 115.812, 113.531, 110.627, 111.594]
 
---------------Topology: 12 x 16 ------------------
[2.721, 360.456, 489.456, 231.075, 149.116, 129.487, 118.938, 115.567, 114.735, 111.049, 112.537]
 
---------------Topology: 24 x 8 ------------------
[196.551, 517.397, 432.828, 225.076, 145.581, 126.931, 115.839, 110.344, 110.532, 108.285, 108.426]
 
*** 96 MPI and 2 OMP ******************************
---------------Topology: 1 x 96 ------------------
[GFlops, , , , , , , , , , ]
 
---------------Topology: 2 x 48 ------------------
[0.382, 1.495, 3.696, 6.432, 7.000, 9.988, 11.662, 20.565, 23.796, 27.265, 36.360]
 
---------------Topology: 4 x 24 ------------------
[0.347, 1.481, 3.513, 6.118, 10.160, 13.888, 19.395, 26.127, 23.637, 31.310, 36.208]
 
---------------Topology: 8 x 12 ------------------
[0.385, 1.613, 3.673, 6.394, 9.435, 14.087, 20.868, 24.781, 25.967, 27.519, 28.544]
 
---------------Topology: 12 x 8 ------------------
[0.340, 1.458, 3.370, 5.992, 9.660, 13.740, 19.003, 24.151, 31.142, 36.714, 38.840]
 
---------------Topology: 24 x 4 ------------------
[, , , , , , , , , , ]
 
*** 48 MPI and 4 OMP ******************************
---------------Topology: 1 x 48 ------------------
[0.446, 2.257, 3.686, 6.548, 9.487, 15.181, 18.844, 25.756, 31.223, 39.731, 45.851]
 
---------------Topology: 2 x 24 ------------------
[0.403, 1.956, 4.642, 7.722, 8.464, 14.868, 18.102, 25.469, 31.801, 36.305, 42.147]
 
---------------Topology: 4 x 12 ------------------
[0.402, 1.849, 4.291, 7.604, 12.034, 15.951, 21.712, 28.719, 28.838, 32.427, 42.439]
 
---------------Topology: 8 x 6 ------------------
[0.365, 1.644, 3.655, 6.654, 10.068, 15.934, 20.386, 26.887, 33.810, 41.437, 49.839]
 
---------------Topology: 12 x 4 ------------------
[0.369, 1.855, 4.339, 7.250, 10.778, 16.145, 21.857, 20.247, 26.267, 30.681, 40.842]
 
---------------Topology: 24 x 2 ------------------
[0.424, 1.822, 4.542, 5.584, 9.354, 11.495, 17.563, 20.811, 23.576, 29.804, 36.694]
 
*** 24 MPI and 8 OMP ******************************
---------------Topology: 1 x 24 ------------------
[0.451, 2.431, 3.913, 7.044, 11.267, 16.775, 23.699, 27.288, 33.309, 39.188, 43.320]
 
---------------Topology: 2 x 12 ------------------
[0.484, 2.287, 5.349, 9.889, 11.266, 15.812, 20.973, 25.756, 31.249, 38.689, 42.569]
 
---------------Topology: 4 x 6 ------------------
[0.460, 1.616, 3.972, 7.643, 11.858, 17.668, 26.724, 28.949, 29.260, 38.294, 41.637]
 
---------------Topology: 8 x 3 ------------------
[0.462, 2.451, 4.985, 10.781, 15.896, 14.884, 20.094, 28.492, 30.990, 36.579, 42.529]
 
---------------Topology: 12 x 2 ------------------
[0.448, 2.312, 5.342, 7.076, 10.348, 14.094, 20.663, 25.903, 32.961, 34.775, 40.603]
 
---------------Topology: 24 x 1 ------------------
[0.607, 1.760, 4.590, 6.721, 9.647, 14.766, 18.451, 23.459, 29.726, 31.901, 37.765]
 
*** 16 MPI and 12 OMP ******************************
---------------Topology: 1 x 16 ------------------
[0.531, 3.130, 5.335, 9.734, 14.666, 18.292, 26.028, 28.280, 35.283, 37.093, 43.744]
 
---------------Topology: 2 x 8 ------------------
[0.490, 2.010, 4.805, 11.406, 13.115, 19.070, 22.118, 31.708, 35.492, 37.600, 41.118]
 
---------------Topology: 4 x 4 ------------------
