*** 96 MPI and 1 OMP ******************************
---------------Topology: 1 x 96 ------------------
[from, OpenMP, 96, Time, , , , , , , ]
 
---------------Topology: 2 x 48 ------------------
[0.063567, 0.031975, 0.027744, 0.066521, 0.111295, 0.167216, 0.232221, 0.310234, 0.386456, 0.478986, 0.579088]
 
---------------Topology: 4 x 24 ------------------
[0.170903, 0.004099, 0.025970, 0.064424, 0.111630, 0.167083, 0.231239, 0.310776, 0.387223, 0.481232, 0.579796]
 
---------------Topology: 8 x 12 ------------------
[0.127124, 0.073011, 0.026010, 0.065080, 0.112039, 0.168168, 0.232651, 0.310175, 0.389471, 0.485736, 0.583583]
 
---------------Topology: 12 x 8 ------------------
[0.060237, 0.004348, 0.025606, 0.066018, 0.114271, 0.170454, 0.236156, 0.313298, 0.394267, 0.492204, 0.588999]
 
---------------Topology: 24 x 4 ------------------
[0.037273, 0.010296, 0.027625, 0.068858, 0.119007, 0.177186, 0.245897, 0.326065, 0.411802, 0.513763, 0.614262]
 
*** 48 MPI and 2 OMP ******************************
---------------Topology: 1 x 48 ------------------
[0.026085, 0.029561, 0.029193, 0.068652, 0.118415, 0.172185, 0.238236, 0.312353, 0.396611, 0.487951, 0.594880]
 
---------------Topology: 2 x 24 ------------------
[0.023408, 0.006568, 0.027502, 0.065941, 0.112473, 0.170643, 0.232171, 0.305941, 0.389379, 0.478991, 0.581059]
 
---------------Topology: 4 x 12 ------------------
[0.020422, 0.007084, 0.026216, 0.064612, 0.111450, 0.166563, 0.230185, 0.307744, 0.386054, 0.479714, 0.578710]
 
---------------Topology: 8 x 6 ------------------
[0.015415, 0.008049, 0.029989, 0.064819, 0.112770, 0.167872, 0.232563, 0.307034, 0.392380, 0.480478, 0.583063]
 
---------------Topology: 12 x 4 ------------------
[0.018918, 0.005628, 0.026227, 0.065664, 0.113775, 0.174422, 0.235823, 0.310193, 0.393572, 0.486467, 0.589444]
 
---------------Topology: 24 x 2 ------------------
[0.021366, 0.008351, 0.028107, 0.067687, 0.117303, 0.176901, 0.245354, 0.329654, 0.410947, 0.509487, 0.616750]
 
*** 24 MPI and 4 OMP ******************************
---------------Topology: 1 x 24 ------------------
[0.023960, 0.008404, 0.029932, 0.069289, 0.117205, 0.174097, 0.238571, 0.313383, 0.394161, 0.489200, 0.589361]
 
---------------Topology: 2 x 12 ------------------
[0.025574, 0.007915, 0.027476, 0.067377, 0.113208, 0.168441, 0.234038, 0.307527, 0.388780, 0.480805, 0.582158]
 
---------------Topology: 4 x 6 ------------------
[0.021049, 0.007036, 0.026767, 0.065327, 0.115144, 0.166745, 0.231557, 0.304590, 0.387710, 0.477386, 0.580207]
 
---------------Topology: 8 x 3 ------------------
[0.026994, 0.006715, 0.026311, 0.066395, 0.113802, 0.169131, 0.234304, 0.307901, 0.390705, 0.482227, 0.585934]
 
---------------Topology: 12 x 2 ------------------
[0.029144, 0.008902, 0.028284, 0.073695, 0.114901, 0.182832, 0.240358, 0.311245, 0.391803, 0.486899, 0.590313]
 
---------------Topology: 24 x 1 ------------------
[0.019992, 0.014810, 0.036400, 0.074624, 0.124568, 0.181853, 0.252237, 0.334169, 0.415986, 0.516209, 0.619887]
 
*** 12 MPI and 8 OMP ******************************
---------------Topology: 1 x 12 ------------------
[0.015514, 0.008703, 0.029728, 0.069666, 0.116657, 0.173010, 0.238097, 0.313981, 0.394337, 0.488327, 0.589603]
 
---------------Topology: 2 x 6 ------------------
[0.024939, 0.017217, 0.028544, 0.068243, 0.114641, 0.170148, 0.233284, 0.307114, 0.388914, 0.480713, 0.580338]
 
---------------Topology: 3 x 4 ------------------
[0.017051, 0.010047, 0.027279, 0.069122, 0.114868, 0.171916, 0.232852, 0.304991, 0.389501, 0.484906, 0.579512]
 
---------------Topology: 6 x 2 ------------------
[0.016493, 0.009708, 0.028224, 0.068212, 0.119921, 0.169906, 0.239294, 0.306760, 0.392769, 0.478902, 0.584805]
 
---------------Topology: 12 x 1 ------------------
[0.014627, 0.019767, 0.035028, 0.075072, 0.126479, 0.187530, 0.250317, 0.324205, 0.404740, 0.492465, 0.596190]
 
*** 8 MPI and 12 OMP ******************************
---------------Topology: 1 x 8 ------------------
[0.020459, 0.010178, 0.030012, 0.070119, 0.123566, 0.178004, 0.237720, 0.312029, 0.395831, 0.488467, 0.589631]
 
---------------Topology: 2 x 4 ------------------
[0.025085, 0.007041, 0.029751, 0.070331, 0.121681, 0.172167, 0.236420, 0.309606, 0.397111, 0.488409, 0.590573]
 
---------------Topology: 4 x 2 ------------------
[0.015616, 0.009387, 0.028184, 0.066859, 0.118458, 0.171071, 0.238112, 0.313631, 0.397624, 0.484389, 0.582632]
 
---------------Topology: 8 x 1 ------------------
[0.019263, 0.019962, 0.038196, 0.078371, 0.127208, 0.183684, 0.252142, 0.323907, 0.405297, 0.503341, 0.599614]
 
*** 4 MPI and 24 OMP ******************************
---------------Topology: 1 x 4 ------------------
[0.018078, 0.011087, 0.033955, 0.073754, 0.123518, 0.178365, 0.246025, 0.319885, 0.399662, 0.498129, 0.602424]
 
---------------Topology: 2 x 2 ------------------
[0.025182, 0.012703, 0.033584, 0.082985, 0.125270, 0.185668, 0.249656, 0.329427, 0.409082, 0.507468, 0.610639]
 
---------------Topology: 4 x 1 ------------------
[0.016755, 0.021665, 0.040393, 0.081990, 0.130354, 0.195053, 0.264823, 0.338989, 0.427364, 0.529481, 0.637894]
 
*** 2 MPI and 48 OMP ******************************
---------------Topology: 1 x 2 ------------------
