*** 144 MPI and 1 OMP ******************************
---------------Topology: 1 x 144 ------------------
[from, OpenMP, 144, Time, 0.060436, , , , , , ]
 
---------------Topology: 2 x 72 ------------------
[0.080030, 0.002551, 0.009629, 0.038570, 0.074827, 0.112096, 0.160966, 0.213467, 0.273281, 0.340627, 0.410147]
 
---------------Topology: 4 x 36 ------------------
[0.014912, 0.002302, 0.009277, 0.037037, 0.073300, 0.110590, 0.158999, 0.210212, 0.268355, 0.334009, 0.405004]
 
---------------Topology: 8 x 18 ------------------
[0.049919, 0.002107, 0.007990, 0.035695, 0.075367, 0.109153, 0.158320, 0.210793, 0.269425, 0.335073, 0.405752]
 
---------------Topology: 12 x 12 ------------------
[0.087768, 0.002976, 0.008074, 0.041333, 0.070386, 0.109945, 0.160058, 0.213350, 0.271128, 0.337128, 0.407896]
 
---------------Topology: 24 x 6 ------------------
[0.052186, 0.004213, 0.014619, 0.037894, 0.073879, 0.114017, 0.165180, 0.219060, 0.280668, 0.348636, 0.422229]
 
*** 72 MPI and 2 OMP ******************************
---------------Topology: 1 x 72 ------------------
[0.390387, 0.376998, 0.498790, 0.507265, 0.504910, 0.534561, 0.524360, 0.543345, 0.606783, 0.671100, 0.747242]
 
---------------Topology: 2 x 36 ------------------
[0.469692, 0.459804, 0.439430, 0.448094, 0.583372, 0.613649, 0.658783, 0.759200, 0.742006, 0.867198, 0.967289]
 
---------------Topology: 4 x 18 ------------------
[0.513242, 0.498090, 0.502824, 0.503308, 0.453355, 0.519513, 0.542823, 0.595673, 0.751924, 0.896854, 1.056206]
 
---------------Topology: 8 x 9 ------------------
[0.584342, 0.565262, 0.570094, 0.563554, 0.556648, 0.548078, 0.535756, 0.526324, 0.559947, 0.674793, 0.793258]
 
---------------Topology: 12 x 6 ------------------
[0.664115, 0.595743, 0.590486, 0.645896, 0.559090, 0.511527, 0.537142, 0.542958, 0.589293, 0.649103, 0.758830]
 
---------------Topology: 24 x 3 ------------------
[0.565029, 0.485885, 0.543971, 0.503749, 0.480451, 0.667011, 0.665775, 1.144623, 0.858736, 0.856880, 0.810177]
 
*** 36 MPI and 4 OMP ******************************
---------------Topology: 1 x 36 ------------------
[0.421475, 0.327490, 0.395989, 0.428734, 0.441132, 0.424938, 0.429182, 0.465636, 0.476528, 0.565601, 0.644661]
 
---------------Topology: 2 x 18 ------------------
[0.406094, 0.383088, 0.381298, 0.343238, 0.470317, 0.468519, 0.529122, 0.468299, 0.514128, 0.534524, 0.631819]
 
---------------Topology: 4 x 9 ------------------
[0.440630, 0.431265, 0.427497, 0.418667, 0.419779, 0.449180, 0.445317, 0.443831, 0.583933, 0.604173, 0.653425]
 
---------------Topology: 8 x 4 ------------------
[from, OpenMP, processes, , , , , , , , ]
 
---------------Topology: 12 x 3 ------------------
[0.411643, 0.305403, 0.359827, 0.383738, 0.361119, 0.502186, 0.528328, 0.442976, 0.538182, 0.575646, 0.649239]
 
---------------Topology: 24 x 1 ------------------
[from, OpenMP, processes, , , , , , , , ]
 
*** 18 MPI and 8 OMP ******************************
---------------Topology: 1 x 18 ------------------
[0.191541, 0.180473, 0.293151, 0.378473, 0.372980, 0.352532, 0.499587, 0.451133, 0.476382, 0.562515, 0.652192]
 
---------------Topology: 2 x 9 ------------------
[0.400804, 0.319966, 0.324535, 0.331662, 0.473906, 0.419931, 0.456558, 0.481823, 0.508490, 0.607055, 0.665947]
 
---------------Topology: 4 x 4 ------------------
[from, OpenMP, processes, , , , , , , , ]
 
---------------Topology: 8 x 2 ------------------
[from, OpenMP, processes, , , , , , , , ]
 
---------------Topology: 12 x 1 ------------------
[from, OpenMP, processes, , , , , , , , ]
 
---------------Topology: 24 x 0 ------------------
[OpenMP, processes, , , , , , , , , ]
 
*** 12 MPI and 12 OMP ******************************
---------------Topology: 1 x 12 ------------------
[0.249668, 0.129525, 0.249407, 0.324545, 0.293095, 0.339623, 0.419193, 0.447435, 0.504315, 0.615628, 0.678300]
 
---------------Topology: 2 x 6 ------------------
[0.301767, 0.229322, 0.269766, 0.296501, 0.365068, 0.374346, 0.388542, 0.486391, 0.571813, 0.569598, 0.687869]
 
---------------Topology: 3 x 4 ------------------
[0.352878, 0.278628, 0.273422, 0.245999, 0.287528, 0.347826, 0.380352, 0.470546, 0.563665, 0.614296, 0.725112]
 
---------------Topology: 6 x 2 ------------------
[0.360246, 0.180499, 0.209663, 0.321307, 0.343327, 0.396239, 0.418254, 0.469805, 0.509454, 0.576749, 0.695631]
 
---------------Topology: 12 x 1 ------------------
[0.235571, 0.335650, 0.318432, 0.322895, 0.308847, 0.373718, 0.437005, 0.508709, 0.569335, 0.625624, 0.733444]
 
*** 6 MPI and 24 OMP ******************************
---------------Topology: 1 x 6 ------------------
[0.134615, 0.178007, 0.269513, 0.214111, 0.208110, 0.338401, 0.353190, 0.454994, 0.616581, 0.717417, 0.815503]
 
---------------Topology: 2 x 3 ------------------
[0.047720, 0.038701, 0.082218, 0.157477, 0.227462, 0.295187, 0.348209, 0.445479, 0.658663, 0.691902, 0.804486]
 
---------------Topology: 3 x 2 ------------------
[0.196276, 0.184426, 0.181194, 0.176683, 0.198767, 0.294182, 0.367539, 0.481215, 0.553161, 0.816301, 0.899960]
 
---------------Topology: 6 x 1 ------------------
[0.069083, 0.076650, 0.144128, 0.178615, 0.248521, 0.312708, 0.392280, 0.473853, 0.596102, 0.724407, 0.815178]
 
*** 3 MPI and 48 OMP ******************************
---------------Topology: 1 x 3 ------------------
[0.093100, 0.113122, 0.212731, 0.325091, 0.400609, 0.608642, 0.761802, 0.879534, 1.024531, 1.397164, 1.669703]
 
---------------Topology: 2 x 1 ------------------
[from, OpenMP, processes, , , , , , , , ]
 
---------------Topology: 3 x 1 ------------------
[0.085146, 0.118033, 0.238711, 0.271734, 0.449354, 0.650257, 0.859782, 0.928077, 1.166604, 1.395209, 1.685725]
 
