*** 192 MPI and 1 OMP ******************************
---------------Topology: 1 x 192 ------------------
[from, OpenMP, 192, Time, , , , , , , ]
 
---------------Topology: 2 x 96 ------------------
[from, OpenMP, 96, Time, , , , , , , ]
 
---------------Topology: 4 x 48 ------------------
[0.098755, 0.051515, 0.060463, 0.076911, 0.049336, 0.079725, 0.118327, 0.156346, 0.200236, 0.249045, 0.302487]
 
---------------Topology: 8 x 24 ------------------
[0.137278, 0.040056, 0.005105, 0.019000, 0.046532, 0.077453, 0.114733, 0.154737, 0.199781, 0.253450, 0.303633]
 
---------------Topology: 12 x 16 ------------------
[0.125950, 0.031405, 0.005149, 0.019390, 0.046951, 0.077855, 0.115355, 0.155064, 0.197682, 0.252356, 0.301080]
 
---------------Topology: 24 x 8 ------------------
[0.024162, 0.002167, 0.006098, 0.019906, 0.048084, 0.079425, 0.118453, 0.162486, 0.205197, 0.258578, 0.312508]
 
*** 96 MPI and 2 OMP ******************************
---------------Topology: 1 x 96 ------------------
[from, OpenMP, 96, Time, , , , , , , ]
 
---------------Topology: 2 x 48 ------------------
[0.736055, 0.755005, 0.683761, 0.697972, 1.004790, 1.014451, 1.182708, 0.883817, 0.968166, 1.036205, 0.943383]
 
---------------Topology: 4 x 24 ------------------
[0.816020, 0.758035, 0.719196, 0.733225, 0.689672, 0.729315, 0.708910, 0.688277, 0.967497, 0.896359, 0.937327]
 
---------------Topology: 8 x 12 ------------------
[0.729949, 0.695412, 0.687894, 0.702031, 0.749322, 0.718691, 0.660381, 0.727601, 0.874644, 1.018828, 1.187538]
 
---------------Topology: 12 x 8 ------------------
[0.833665, 0.769113, 0.748431, 0.748607, 0.725838, 0.735752, 0.724692, 0.743483, 0.731275, 0.763472, 0.872492]
 
---------------Topology: 24 x 4 ------------------
[, , , , , , , , , , ]
 
*** 48 MPI and 4 OMP ******************************
---------------Topology: 1 x 48 ------------------
[0.637150, 0.499432, 0.688237, 0.691957, 0.747969, 0.672454, 0.732352, 0.701882, 0.732191, 0.708206, 0.744147]
 
---------------Topology: 2 x 24 ------------------
[0.706800, 0.575017, 0.545499, 0.582827, 0.831295, 0.680559, 0.760452, 0.708978, 0.727175, 0.773463, 0.808327]
 
---------------Topology: 4 x 12 ------------------
[0.699174, 0.608713, 0.589799, 0.595794, 0.584744, 0.644655, 0.635447, 0.626280, 0.796049, 0.865289, 0.800684]
 
---------------Topology: 8 x 6 ------------------
[0.781205, 0.683063, 0.691741, 0.674366, 0.697311, 0.635026, 0.677298, 0.670006, 0.672046, 0.679224, 0.680838]
 
---------------Topology: 12 x 4 ------------------
[0.769747, 0.613583, 0.586081, 0.620534, 0.653741, 0.626752, 0.635655, 0.926924, 0.867997, 0.926059, 0.831903]
 
---------------Topology: 24 x 2 ------------------
[0.662126, 0.616678, 0.558830, 0.809894, 0.760951, 0.902432, 0.801353, 0.893981, 0.990284, 0.959022, 0.938361]
 
*** 24 MPI and 8 OMP ******************************
---------------Topology: 1 x 24 ------------------
[0.625194, 0.466350, 0.650729, 0.642643, 0.626215, 0.604480, 0.586143, 0.665574, 0.685272, 0.717440, 0.783196]
 
---------------Topology: 2 x 12 ------------------
[0.589784, 0.501381, 0.473515, 0.455395, 0.629612, 0.640064, 0.678172, 0.705386, 0.730429, 0.728003, 0.798111]
 
---------------Topology: 4 x 6 ------------------
[0.622366, 0.696129, 0.635629, 0.592168, 0.596066, 0.583388, 0.518182, 0.628453, 0.779312, 0.737625, 0.819176]
 
---------------Topology: 8 x 3 ------------------
[0.610987, 0.461746, 0.508599, 0.418550, 0.442339, 0.683031, 0.694563, 0.646887, 0.738581, 0.770593, 0.797547]
 
---------------Topology: 12 x 2 ------------------
[0.639378, 0.485836, 0.474095, 0.639513, 0.682625, 0.722691, 0.667929, 0.705150, 0.692657, 0.814852, 0.837960]
 
---------------Topology: 24 x 1 ------------------
[0.464655, 0.653966, 0.555214, 0.668055, 0.735177, 0.687588, 0.747188, 0.771712, 0.764362, 0.880925, 0.897775]
 
*** 16 MPI and 12 OMP ******************************
---------------Topology: 1 x 16 ------------------
[0.532119, 0.366890, 0.476015, 0.471564, 0.482752, 0.556815, 0.535248, 0.637789, 0.646113, 0.757952, 0.776397]
 
---------------Topology: 2 x 8 ------------------
[0.575379, 0.560780, 0.532616, 0.401805, 0.542118, 0.534970, 0.625201, 0.568249, 0.641298, 0.748078, 0.827800]
 
---------------Topology: 4 x 4 ------------------
