*** 96 MPI and 1 OMP ******************************
---------------Topology: 1 x 96 ------------------
[GFlops, , , , , , , , , , ]
 
---------------Topology: 2 x 48 ------------------
[5.526, 154.629, 90.832, 67.347, 62.899, 60.283, 59.082, 57.820, 58.688, 58.457, 58.506]
 
---------------Topology: 4 x 24 ------------------
[26.253, 273.260, 97.114, 69.539, 62.717, 60.330, 59.333, 57.788, 58.572, 58.199, 58.436]
 
---------------Topology: 8 x 12 ------------------
[2.539, 36.233, 97.374, 68.839, 62.479, 59.941, 58.973, 57.825, 58.233, 57.673, 58.055]
 
---------------Topology: 12 x 8 ------------------
[112.287, 257.605, 98.428, 67.862, 61.265, 59.137, 58.098, 57.211, 57.525, 56.914, 57.522]
 
---------------Topology: 24 x 4 ------------------
[88.956, 157.752, 91.352, 65.062, 58.820, 56.890, 55.796, 54.971, 55.075, 54.521, 55.156]
 
*** 48 MPI and 2 OMP ******************************
---------------Topology: 1 x 48 ------------------
[71.219, 60.083, 86.358, 65.257, 59.194, 58.542, 57.592, 57.371, 57.185, 57.383, 56.972]
 
---------------Topology: 2 x 24 ------------------
[104.358, 173.456, 91.905, 67.943, 62.238, 59.144, 59.095, 58.574, 58.253, 58.456, 58.309]
 
---------------Topology: 4 x 12 ------------------
[82.653, 179.994, 96.436, 69.337, 62.809, 60.518, 59.604, 58.283, 58.749, 58.372, 58.544]
 
---------------Topology: 8 x 6 ------------------
[39.315, 162.098, 87.555, 69.116, 62.074, 60.046, 58.995, 58.365, 57.808, 58.275, 58.108]
 
---------------Topology: 12 x 4 ------------------
[112.617, 208.212, 96.182, 68.228, 61.526, 57.848, 58.180, 57.771, 57.628, 57.558, 57.480]
 
---------------Topology: 24 x 2 ------------------
[67.196, 145.690, 89.661, 66.188, 59.676, 56.982, 55.927, 54.361, 55.190, 54.961, 54.936]
 
*** 24 MPI and 4 OMP ******************************
---------------Topology: 1 x 24 ------------------
[60.201, 156.072, 84.237, 64.666, 59.726, 57.900, 57.509, 57.185, 57.540, 57.241, 57.486]
 
---------------Topology: 2 x 12 ------------------
[110.462, 163.140, 91.847, 66.571, 61.835, 59.844, 58.623, 58.282, 58.336, 58.236, 58.199]
 
---------------Topology: 4 x 6 ------------------
[47.623, 165.182, 94.505, 68.585, 61.003, 60.452, 59.251, 58.834, 58.499, 58.653, 58.393]
 
---------------Topology: 8 x 3 ------------------
[70.670, 166.831, 95.777, 67.477, 61.512, 59.600, 58.572, 58.201, 58.050, 58.064, 57.835]
 
---------------Topology: 12 x 2 ------------------
[36.991, 133.995, 90.329, 61.439, 60.924, 55.483, 57.149, 57.578, 57.886, 57.507, 57.393]
 
---------------Topology: 24 x 1 ------------------
[38.953, 76.289, 69.234, 60.046, 56.200, 55.432, 54.394, 53.637, 54.522, 54.242, 54.655]
 
*** 12 MPI and 8 OMP ******************************
---------------Topology: 1 x 12 ------------------
[20.956, 132.586, 84.772, 64.320, 60.008, 58.263, 57.624, 57.078, 57.514, 57.339, 57.463]
 
---------------Topology: 2 x 6 ------------------
[39.030, 86.423, 88.543, 65.652, 61.068, 59.252, 58.813, 58.351, 58.316, 58.248, 58.380]
 
---------------Topology: 3 x 4 ------------------
[35.449, 117.130, 92.433, 64.855, 60.947, 58.639, 58.923, 58.756, 58.230, 57.744, 58.463]
 
---------------Topology: 6 x 2 ------------------
[23.633, 119.341, 89.398, 65.679, 58.731, 59.328, 57.340, 58.418, 57.757, 58.467, 57.936]
 
---------------Topology: 12 x 1 ------------------
[22.824, 59.689, 71.971, 59.687, 55.362, 53.978, 54.814, 55.276, 56.041, 56.857, 56.833]
 
*** 8 MPI and 12 OMP ******************************
---------------Topology: 1 x 8 ------------------
[17.841, 112.450, 83.973, 63.932, 56.950, 56.998, 57.715, 57.431, 57.297, 57.322, 57.460]
 
---------------Topology: 2 x 4 ------------------
[27.213, 159.094, 84.745, 63.721, 57.860, 58.550, 58.037, 57.881, 57.118, 57.330, 57.371]
 
---------------Topology: 4 x 2 ------------------
[25.458, 121.406, 89.430, 67.012, 59.554, 58.942, 57.629, 57.139, 57.049, 57.809, 58.151]
 
---------------Topology: 8 x 1 ------------------
[23.801, 56.643, 66.235, 57.169, 55.048, 54.886, 54.418, 55.334, 55.968, 55.631, 56.506]
 
*** 4 MPI and 24 OMP ******************************
---------------Topology: 1 x 4 ------------------
[17.622, 102.256, 74.402, 60.754, 56.682, 56.523, 55.783, 56.032, 56.750, 56.237, 56.241]
 
---------------Topology: 2 x 2 ------------------
[14.373, 91.807, 75.126, 56.280, 55.883, 54.305, 54.957, 54.460, 55.444, 55.182, 55.516]
 
---------------Topology: 4 x 1 ------------------
[19.557, 51.805, 62.492, 54.666, 53.702, 51.883, 51.814, 52.864, 53.083, 52.902, 53.120]
 
*** 2 MPI and 48 OMP ******************************
---------------Topology: 1 x 2 ------------------
