*** 144 MPI and 1 OMP ******************************
---------------Topology: 1 x 144 ------------------
[GFlops, 7.707, , , , , , , , , ]
 
---------------Topology: 2 x 72 ------------------
[5.755, 439.132, 261.755, 116.296, 94.333, 89.926, 85.237, 83.950, 82.992, 82.213, 82.619]
 
---------------Topology: 4 x 36 ------------------
[254.704, 546.547, 278.659, 120.977, 95.979, 91.172, 86.295, 85.249, 84.516, 83.831, 83.666]
 
---------------Topology: 8 x 18 ------------------
[204.252, 531.583, 315.452, 125.534, 94.520, 92.359, 86.661, 85.013, 84.180, 83.565, 83.509]
 
---------------Topology: 12 x 12 ------------------
[56.809, 454.238, 312.183, 114.054, 99.456, 91.693, 85.720, 83.994, 83.652, 83.058, 83.070]
 
---------------Topology: 24 x 6 ------------------
[96.095, 298.647, 211.276, 118.259, 94.754, 88.419, 83.061, 81.804, 80.810, 80.314, 80.249]
 
*** 72 MPI and 2 OMP ******************************
---------------Topology: 1 x 72 ------------------
[0.759, 3.010, 5.124, 8.858, 13.972, 19.277, 26.626, 33.205, 37.766, 41.808, 45.610]
 
---------------Topology: 2 x 36 ------------------
[0.605, 2.444, 5.781, 10.052, 12.066, 16.740, 20.873, 24.444, 30.667, 32.461, 35.156]
 
---------------Topology: 4 x 18 ------------------
[0.551, 2.265, 5.028, 8.954, 15.496, 19.839, 25.349, 30.150, 30.204, 31.242, 32.086]
 
---------------Topology: 8 x 9 ------------------
[0.486, 2.010, 4.473, 7.986, 12.615, 18.473, 25.733, 34.121, 40.558, 41.510, 42.740]
 
---------------Topology: 12 x 6 ------------------
[0.432, 1.890, 4.294, 6.943, 12.721, 19.811, 25.584, 33.043, 38.582, 43.148, 44.678]
 
---------------Topology: 24 x 3 ------------------
[0.506, 2.311, 4.664, 8.975, 14.647, 15.227, 20.763, 16.176, 26.883, 33.091, 41.926]
 
*** 36 MPI and 4 OMP ******************************
---------------Topology: 1 x 36 ------------------
[0.671, 3.446, 6.415, 10.588, 16.057, 24.108, 32.181, 39.099, 47.706, 49.600, 52.649]
 
---------------Topology: 2 x 18 ------------------
[0.727, 2.939, 6.685, 13.125, 15.040, 21.701, 26.862, 38.414, 44.388, 52.432, 53.684]
 
---------------Topology: 4 x 9 ------------------
[0.648, 2.605, 5.947, 10.735, 16.777, 22.514, 31.090, 40.494, 38.985, 46.538, 51.903]
 
---------------Topology: 8 x 4 ------------------
[to, , , , , , , , , , ]
 
---------------Topology: 12 x 3 ------------------
[0.708, 3.693, 7.090, 11.735, 19.458, 20.259, 26.052, 40.594, 42.291, 48.711, 52.218]
 
---------------Topology: 24 x 1 ------------------
[to, , , , , , , , , , ]
 
*** 18 MPI and 8 OMP ******************************
---------------Topology: 1 x 18 ------------------
[1.675, 6.626, 9.859, 11.990, 18.935, 28.788, 28.517, 39.836, 47.683, 49.888, 51.992]
 
---------------Topology: 2 x 9 ------------------
[0.723, 3.523, 7.882, 13.592, 14.864, 24.226, 30.134, 37.386, 44.699, 46.201, 50.940]
 
---------------Topology: 4 x 4 ------------------
[to, , , , , , , , , , ]
 
---------------Topology: 8 x 2 ------------------
[to, , , , , , , , , , ]
 
---------------Topology: 12 x 1 ------------------
[to, , , , , , , , , , ]
 
---------------Topology: 24 x 0 ------------------
[to, , , , , , , , , , ]
 
*** 12 MPI and 12 OMP ******************************
---------------Topology: 1 x 12 ------------------
[1.164, 10.322, 11.406, 14.712, 24.690, 30.133, 33.462, 40.416, 45.035, 45.600, 50.040]
 
---------------Topology: 2 x 6 ------------------
[1.175, 5.744, 9.591, 15.416, 19.906, 27.109, 35.731, 37.331, 39.806, 49.332, 49.336]
 
---------------Topology: 3 x 4 ------------------
[0.808, 4.837, 9.940, 18.413, 25.601, 29.883, 36.783, 38.596, 40.456, 45.688, 46.918]
 
---------------Topology: 6 x 2 ------------------
[0.796, 10.696, 13.441, 14.358, 21.355, 25.654, 33.717, 38.605, 44.645, 48.643, 48.797]
 
---------------Topology: 12 x 1 ------------------
[1.212, 3.429, 8.629, 14.483, 22.739, 27.140, 31.516, 35.264, 40.339, 44.796, 46.235]
 
*** 6 MPI and 24 OMP ******************************
---------------Topology: 1 x 6 ------------------
[4.374, 8.294, 10.335, 24.154, 34.144, 30.388, 39.315, 39.690, 37.597, 39.599, 42.047]
 
---------------Topology: 2 x 3 ------------------
[8.226, 31.936, 31.696, 28.920, 31.715, 34.511, 39.505, 40.279, 35.315, 40.657, 42.358]
 
---------------Topology: 3 x 2 ------------------
[2.544, 8.903, 16.193, 27.665, 36.383, 35.101, 37.646, 37.748, 41.224, 34.875, 38.211]
 
---------------Topology: 6 x 1 ------------------
[4.526, 17.022, 18.394, 25.715, 28.800, 32.418, 35.089, 37.875, 38.284, 38.845, 41.666]
 
*** 3 MPI and 48 OMP ******************************
---------------Topology: 1 x 3 ------------------
[3.903, 11.151, 11.975, 13.885, 17.661, 16.869, 18.131, 20.478, 22.192, 20.274, 20.409]
 
---------------Topology: 2 x 1 ------------------
[to, , , , , , , , , , ]
 
---------------Topology: 3 x 1 ------------------
[3.451, 9.587, 10.803, 16.701, 15.918, 16.036, 16.088, 19.519, 19.823, 20.283, 20.552]
 
